      367.619      13.9308
      367.738      12.4559
      367.857      12.6063
      367.976      11.5523
      368.094      12.8791
      368.213      12.0618
      368.332      13.7284
      368.451      14.5890
      368.570      13.4483
      368.689      12.8317
      368.808      13.7626
      368.927      12.3787
      369.046      12.0601
      369.165      11.3468
      369.284      12.9223
      369.403      14.0392
      369.522      12.9313
      369.641      11.9677
      369.760      12.7432
      369.879      11.7713
      369.998      12.4120
      370.117      11.1365
      370.236      13.0120
      370.355      14.0900
      370.474      13.5665
      370.593      12.5338
      370.712      12.7886
      370.831      12.2750
      370.950      12.5834
      371.068      12.8558
      371.187      13.7171
      371.306      13.7927
      371.425      11.8081
      371.544      11.4117
      371.663      12.3704
      371.782      11.3861
      371.901      12.2818
      372.020      11.7077
      372.139      12.5404
      372.258      13.3012
      372.377      12.7186
      372.496      11.3156
      372.615      11.4694
      372.734      11.0893
      372.853      12.0176
      372.972      11.6107
      373.091      12.4415
      373.210      13.2995
      373.329      12.5273
      373.448      11.8172
      373.567      11.6059
      373.686      11.9117
      373.805      11.8876
      373.924      11.6138
      374.042      12.4907
      374.161      12.8416
      374.280      12.3357
      374.399      12.0885
      374.518      12.2698
      374.637      11.8796
      374.756      11.9180
      374.875      11.1611
      374.994      11.9681
      375.113      12.5608
      375.232      11.4727
      375.351      10.0711
      375.470      10.8964
      375.589      10.5141
      375.708      11.5726
      375.827      11.2261
      375.946      11.7407
      376.065      13.2349
      376.184      11.2878
      376.303      11.6351
      376.422      12.0995
      376.541      11.7741
      376.660      12.7334
      376.779      12.1742
      376.898      13.1527
      377.016      13.4843
      377.135      12.3391
      377.254      12.3552
      377.373      12.6327
      377.492      12.3783
      377.611      12.9992
      377.730      11.8686
      377.849      12.1013
      377.968      11.7918
      378.087      11.7623
      378.206      12.1131
      378.325      11.9751
      378.444      10.7765
      378.563      11.3268
      378.682      9.92690
      378.801      11.4579
      378.920      11.8915
      379.039      11.9256
      379.158      11.8961
      379.277      13.1314
      379.396      12.2194
      379.515      12.6447
      379.634      11.8489
      379.753      12.7851
      379.872      13.8499
      379.990      11.6569
      380.109      11.1513
      380.228      11.9245
      380.347      11.7294
      380.466      12.9061
      380.585      11.5765
      380.704      11.7289
      380.823      12.7608
      380.942      11.2092
      381.061      11.5450
      381.180      11.7985
      381.299      10.6020
      381.418      10.0104
      381.537      9.83174
      381.656      11.1238
      381.775      11.2582
      381.894      10.8314
      382.013      11.1776
      382.132      11.3399
      382.251      11.2719
      382.370      11.6096
      382.489      10.7944
      382.608      11.5291
      382.727      12.1907
      382.846      11.0050
      382.964      10.9432
      383.083      11.1545
      383.202      10.3771
      383.321      10.3759
      383.440      10.3285
      383.559      11.8792
      383.678      11.8225
      383.797      11.9504
      383.916      11.5612
      384.035      12.2432
      384.154      11.8910
      384.273      11.9450
      384.392      11.2329
      384.511      11.9238
      384.630      13.2698
      384.749      12.2994
      384.868      11.7814
      384.987      11.7801
      385.106      11.5297
      385.225      11.5929
      385.344      11.3334
      385.463      11.7378
      385.582      12.8244
      385.701      11.6983
      385.820      11.4942
      385.938      10.9031
      386.057      10.1277
      386.176      10.2924
      386.295      10.4110
      386.414      11.1100
      386.533      12.1015
      386.652      10.9013
      386.771      10.5486
      386.890      10.4352
      387.009      10.0014
      387.128      10.5384
      387.247      10.1513
      387.366      11.3621
      387.485      11.8135
      387.604      10.3428
      387.723      10.5307
      387.842      10.7907
      387.961      11.1046
      388.080      10.8650
      388.199      10.7255
      388.318      11.8881
      388.437      12.6868
      388.556      12.1037
      388.675      11.5400
      388.794      12.0934
      388.912      11.3513
      389.031      11.5714
      389.150      10.7420
      389.269      11.4907
      389.388      12.2109
      389.507      11.7768
      389.626      11.4686
      389.745      11.5266
      389.864      11.5044
      389.983      12.3301
      390.102      12.4049
      390.221      13.2488
      390.340      13.5855
      390.459      12.9350
      390.578      13.0075
      390.697      13.1672
      390.816      12.9768
      390.935      13.3361
      391.054      13.5198
      391.173      13.6766
      391.292      13.2794
      391.411      12.7806
      391.530      12.6197
      391.649      12.8030
      391.768      11.9324
      391.886      12.7398
      392.005      11.6863
      392.124      12.1504
      392.243      11.3324
      392.362      10.3830
      392.481      10.4589
      392.600      11.4600
      392.719      11.5413
      392.838      12.4010
      392.957      12.3794
      393.076      12.9495
      393.195      13.8744
      393.314      12.4479
      393.433      11.1523
      393.552      12.0287
      393.671      10.7601
      393.790      12.1687
      393.909      11.3981
      394.028      12.2335
      394.147      11.9701
      394.266      11.5313
      394.385      11.3046
      394.504      11.8480
      394.623      10.4013
      394.742      10.3639
      394.860      9.77236
      394.979      11.2130
      395.098      12.2032
      395.217      10.3735
      395.336      9.28283
      395.455      9.81805
      395.574      9.46574
      395.693      10.1665
      395.812      9.59220
      395.931      11.1699
      396.050      12.0410
      396.169      11.1538
      396.288      10.6067
      396.407      10.8731
      396.526      11.2657
      396.645      11.7309
      396.764      11.6612
      396.883      11.1888
      397.002      11.6330
      397.121      10.3508
      397.240      10.4069
      397.359      10.7494
      397.478      10.3202
      397.597      10.3320
      397.716      10.3438
      397.834      10.4424
      397.953      10.4103
      398.072      10.1414
      398.191      10.3828
      398.310      10.2515
      398.429      10.3841
      398.548      11.3938
      398.667      10.9921
      398.786      11.4018
      398.905      11.4372
      399.024      9.69991
      399.143      9.27540
      399.262      10.1010
      399.381      10.4513
      399.500      11.2255
      399.619      10.8564
      399.738      11.5622
      399.857      12.0248
      399.976      10.9177
      400.095      9.96700
      400.214      10.3024
      400.333      9.13910
      400.452      8.82642
      400.571      8.40007
      400.690      9.09431
      400.808      9.61891
      400.927      8.62675
      401.046      9.11018
      401.165      9.56460
      401.284      8.82999
      401.403      9.39380
      401.522      8.57246
      401.641      9.28989
      401.760      9.44583
      401.879      9.65262
      401.998      9.56171
      402.117      10.0564
      402.236      10.2278
      402.355      11.0889
      402.474      10.5741
      402.593      11.0162
      402.712      11.3100
      402.831      9.37546
      402.950      8.59952
      403.069      8.50731
      403.188      7.75038
      403.307      9.00658
      403.426      8.45210
      403.545      8.94648
      403.664      9.84186
      403.782      9.12853
      403.901      9.23429
      404.020      10.0260
      404.139      9.72174
      404.258      10.2540
      404.377      9.57611
      404.496      10.1744
      404.615      11.1072
      404.734      9.94863
      404.853      9.72651
      404.972      9.40154
      405.091      8.91944
      405.210      9.50120
      405.329      8.85671
      405.448      9.78188
      405.567      10.1906
      405.686      9.62636
      405.805      9.32897
      405.924      9.95918
      406.043      9.66218
      406.162      10.7761
      406.281      10.6645
      406.400      10.8942
      406.519      11.2846
      406.638      10.6239
      406.756      9.94732
      406.875      10.8370
      406.994      11.0826
      407.113      11.9028
      407.232      11.8856
      407.351      12.3889
      407.470      13.0974
      407.589      12.3489
      407.708      12.2001
      407.827      11.9159
      407.946      11.6261
      408.065      11.9135
      408.184      10.7711
      408.303      12.2699
      408.422      12.3625
      408.541      12.6253
      408.660      13.2224
      408.779      13.7073
      408.898      14.0685
      409.017      13.9313
      409.136      14.0285
      409.255      13.9091
      409.374      15.0880
      409.493      13.6999
      409.611      14.3986
      409.730      14.7813
      409.849      14.9301
      409.968      15.7027
      410.087      15.9441
      410.206      16.4240
      410.325      17.8056
      410.444      17.3937
      410.563      18.3487
      410.682      19.2328
      410.801      19.8545
      410.920      21.1546
      411.039      21.9620
      411.158      23.0378
      411.277      24.3221
      411.396      22.9735
      411.515      23.4516
      411.634      24.7064
      411.753      25.7000
      411.872      26.8497
      411.991      27.8428
      412.110      29.4844
      412.229      31.2704
      412.348      31.4342
      412.467      31.8527
      412.585      32.8386
      412.704      34.0500
      412.823      35.0989
      412.942      36.1708
      413.061      36.9009
      413.180      39.5809
      413.299      39.9343
      413.418      41.3810
      413.537      42.2025
      413.656      45.1233
      413.775      45.4352
      413.894      46.0882
      414.013      47.1573
      414.132      49.7290
      414.251      50.1326
      414.370      53.2868
      414.489      54.6028
      414.608      58.2696
      414.727      59.3595
      414.846      61.2359
      414.965      62.2978
      415.084      65.5167
      415.203      64.4398
      415.322      66.9371
      415.441      67.4799
      415.559      71.3208
      415.678      72.2579
      415.797      73.9535
      415.916      75.3429
      416.035      78.5390
      416.154      78.1403
      416.273      81.6564
      416.392      81.9590
      416.511      85.1582
      416.630      86.1277
      416.749      88.8823
      416.868      89.1862
      416.987      92.2610
      417.106      91.3364
      417.225      94.4300
      417.344      95.0887
      417.463      98.9437
      417.582      98.7564
      417.701      101.476
      417.820      102.496
      417.939      106.326
      418.058      106.503
      418.177      109.106
      418.296      109.155
      418.415      111.331
      418.533      112.567
      418.652      114.345
      418.771      116.195
      418.890      120.446
      419.009      118.647
      419.128      120.897
      419.247      121.085
      419.366      123.193
      419.485      122.717
      419.604      124.658
      419.723      125.117
      419.842      128.884
      419.961      127.691
      420.080      130.258
      420.199      130.158
      420.318      131.481
      420.437      131.669
      420.556      133.937
      420.675      135.164
      420.794      139.096
      420.913      137.798
      421.032      139.016
      421.151      139.437
      421.270      140.945
      421.389      141.744
      421.507      142.754
      421.626      143.915
      421.745      147.757
      421.864      147.699
      421.983      150.588
      422.102      151.032
      422.221      153.194
      422.340      153.399
      422.459      156.511
      422.578      157.214
      422.697      160.184
      422.816      160.304
      422.935      161.603
      423.054      162.507
      423.173      164.082
      423.292      164.413
      423.411      165.652
      423.530      166.103
      423.649      168.623
      423.768      166.483
      423.887      168.197
      424.006      168.489
      424.125      170.773
      424.244      171.473
      424.363      174.548
      424.481      175.096
      424.600      178.578
      424.719      177.372
      424.838      180.034
      424.957      180.598
      425.076      182.046
      425.195      182.393
      425.314      184.112
      425.433      185.982
      425.552      188.076
      425.671      187.790
      425.790      189.610
      425.909      189.330
      426.028      190.755
      426.147      191.478
      426.266      191.866
      426.385      192.734
      426.504      195.432
      426.623      194.432
      426.742      195.140
      426.861      195.481
      426.980      196.702
      427.099      197.797
      427.218      199.628
      427.337      199.682
      427.455      202.680
      427.574      202.874
      427.693      204.728
      427.812      204.795
      427.931      205.848
      428.050      206.333
      428.169      207.454
      428.288      208.321
      428.407      212.117
      428.526      211.631
      428.645      212.272
      428.764      213.053
      428.883      213.290
      429.002      213.358
      429.121      214.682
      429.240      215.516
      429.359      218.216
      429.478      217.437
      429.597      217.973
      429.716      218.347
      429.835      219.281
      429.954      219.045
      430.073      219.767
      430.192      219.941
      430.311      223.071
      430.429      221.588
      430.548      222.098
      430.667      222.740
      430.786      223.953
      430.905      224.401
      431.024      224.987
      431.143      225.718
      431.262      226.808
      431.381      225.057
      431.500      224.766
      431.619      225.147
      431.738      225.876
      431.857      225.033
      431.976      223.993
      432.095      223.517
      432.214      224.443
      432.333      222.946
      432.452      222.425
      432.571      221.948
      432.690      221.954
      432.809      221.722
      432.928      221.735
      433.047      222.282
      433.166      223.208
      433.285      221.896
      433.403      220.179
      433.522      220.039
      433.641      219.409
      433.760      220.316
      433.879      219.398
      433.998      219.247
      434.117      221.104
      434.236      218.390
      434.355      217.401
      434.474      217.494
      434.593      217.347
      434.712      217.106
      434.831      217.176
      434.950      217.532
      435.069      219.842
      435.188      218.183
      435.307      219.456
      435.426      218.674
      435.545      218.968
      435.664      218.943
      435.783      219.013
      435.902      219.059
      436.021      221.954
      436.140      221.050
      436.259      222.073
      436.377      222.696
      436.496      223.070
      436.615      222.979
      436.734      223.913
      436.853      224.255
      436.972      226.139
      437.091      225.165
      437.210      226.415
      437.329      226.996
      437.448      227.928
      437.567      227.649
      437.686      228.843
      437.805      229.842
      437.924      232.967
      438.043      233.055
      438.162      235.535
      438.281      234.399
      438.400      236.343
      438.519      236.195
      438.638      238.355
      438.757      238.955
      438.876      243.199
      438.995      242.156
      439.114      244.491
      439.233      244.227
      439.351      245.563
      439.470      245.543
      439.589      247.931
      439.708      249.554
      439.827      252.432
      439.946      251.520
      440.065      252.944
      440.184      253.045
      440.303      255.594
      440.422      256.672
      440.541      257.545
      440.660      257.065
      440.779      258.944
      440.898      258.611
      441.017      260.961
      441.136      259.947
      441.255      261.344
      441.374      261.270
      441.493      262.440
      441.612      262.521
      441.731      264.949
      441.850      263.996
      441.969      265.845
      442.088      265.195
      442.207      266.301
      442.325      266.746
      442.444      268.468
      442.563      268.401
      442.682      269.968
      442.801      269.361
      442.920      270.587
      443.039      270.210
      443.158      271.879
      443.277      271.819
      443.396      272.327
      443.515      272.971
      443.634      274.691
      443.753      273.082
      443.872      274.213
      443.991      274.751
      444.110      276.157
      444.229      275.462
      444.348      275.897
      444.467      275.750
      444.586      277.922
      444.705      277.757
      444.824      279.980
      444.943      280.256
      445.062      281.042
      445.181      279.771
      445.299      280.072
      445.418      280.238
      445.537      281.544
      445.656      279.817
      445.775      280.225
      445.894      280.245
      446.013      281.546
      446.132      282.256
      446.251      283.594
      446.370      284.327
      446.489      286.469
      446.608      284.803
      446.727      285.282
      446.846      284.713
      446.965      286.714
      447.084      286.529
      447.203      287.911
      447.322      287.572
      447.441      288.563
      447.560      287.836
      447.679      288.992
      447.798      289.948
      447.917      290.006
      448.036      290.181
      448.155      290.036
      448.273      289.712
      448.392      290.699
      448.511      290.686
      448.630      292.410
      448.749      293.129
      448.868      294.697
      448.987      294.053
      449.106      294.213
      449.225      294.045
      449.344      296.338
      449.463      295.800
      449.582      296.014
      449.701      295.627
      449.820      296.651
      449.939      297.442
      450.058      297.830
      450.177      297.500
      450.296      299.023
      450.415      298.432
      450.534      300.679
      450.653      299.391
      450.772      299.172
      450.891      298.942
      451.010      298.738
      451.129      298.629
      451.247      301.235
      451.366      300.536
      451.485      301.060
      451.604      300.946
      451.723      302.039
      451.842      301.325
      451.961      301.509
      452.080      302.650
      452.199      306.012
      452.318      305.522
      452.437      305.495
      452.556      304.951
      452.675      305.918
      452.794      306.572
      452.913      307.091
      453.032      307.714
      453.151      309.136
      453.270      308.659
      453.389      309.557
      453.508      308.960
      453.627      309.942
      453.746      310.218
      453.865      312.319
      453.984      313.155
      454.103      315.344
      454.221      315.124
      454.340      316.875
      454.459      316.720
      454.578      317.609
      454.697      318.467
      454.816      319.465
      454.935      320.437
      455.054      322.309
      455.173      321.524
      455.292      322.460
      455.411      321.938
      455.530      324.520
      455.649      325.248
      455.768      327.566
      455.887      327.117
      456.006      329.188
      456.125      327.509
      456.244      328.487
      456.363      328.858
      456.482      330.675
      456.601      330.906
      456.720      331.184
      456.839      331.855
      456.958      333.936
      457.077      334.666
      457.195      336.441
      457.314      337.279
      457.433      337.105
      457.552      337.825
      457.671      337.923
      457.790      338.307
      457.909      338.977
      458.028      337.190
      458.147      336.819
      458.266      336.571
      458.385      337.034
      458.504      338.084
      458.623      339.253
      458.742      339.488
      458.861      341.110
      458.980      340.404
      459.099      340.743
      459.218      340.965
      459.337      340.549
      459.456      340.701
      459.575      340.547
      459.694      341.133
      459.813      343.095
      459.932      342.493
      460.051      344.578
      460.169      345.519
      460.288      344.926
      460.407      344.685
      460.526      344.695
      460.645      345.194
      460.764      347.065
      460.883      346.454
      461.002      347.121
      461.121      346.988
      461.240      346.698
      461.359      346.427
      461.478      346.279
      461.597      346.033
      461.716      347.140
      461.835      346.010
      461.954      347.082
      462.073      348.244
      462.192      349.589
      462.311      350.232
      462.430      349.852
      462.549      349.335
      462.668      350.502
      462.787      349.831
      462.906      350.415
      463.025      349.675
      463.143      350.299
      463.262      351.388
      463.381      351.903
      463.500      351.721
      463.619      353.840
      463.738      353.631
      463.857      354.275
      463.976      354.389
      464.095      353.523
      464.214      353.078
      464.333      353.376
      464.452      354.802
      464.571      357.021
      464.690      357.398
      464.809      357.839
      464.928      358.925
      465.047      359.288
      465.166      358.972
      465.285      358.938
      465.404      358.825
      465.523      359.594
      465.642      358.832
      465.761      360.197
      465.880      361.497
      465.999      362.123
      466.117      362.665
      466.236      363.034
      466.355      362.817
      466.474      363.523
      466.593      362.081
      466.712      363.571
      466.831      363.329
      466.950      364.885
      467.069      365.239
      467.188      365.817
      467.307      366.304
      467.426      367.353
      467.545      366.886
      467.664      368.615
      467.783      370.165
      467.902      370.608
      468.021      370.589
      468.140      370.763
      468.259      371.872
      468.378      373.383
      468.497      373.260
      468.616      373.717
      468.735      375.244
      468.854      376.432
      468.973      377.144
      469.091      377.314
      469.210      376.749
      469.329      377.679
      469.448      377.486
      469.567      379.227
      469.686      379.631
      469.805      380.512
      469.924      380.240
      470.043      380.405
      470.162      380.187
      470.281      381.700
      470.400      381.866
      470.519      384.393
      470.638      385.380
      470.757      386.278
      470.876      386.264
      470.995      386.047
      471.114      386.227
      471.233      387.113
      471.352      386.681
      471.471      387.543
      471.590      387.867
      471.709      388.679
      471.828      389.257
      471.947      389.143
      472.065      389.328
      472.184      390.592
      472.303      389.465
      472.422      390.371
      472.541      390.566
      472.660      391.034
      472.779      391.438
      472.898      392.960
      473.017      393.503
      473.136      394.901
      473.255      394.429
      473.374      395.325
      473.493      395.530
      473.612      395.361
      473.731      396.297
      473.850      395.025
      473.969      396.383
      474.088      397.522
      474.207      397.553
      474.326      397.613
      474.445      397.228
      474.564      398.449
      474.683      399.426
      474.802      399.310
      474.921      400.646
      475.039      401.972
      475.158      400.000
      475.277      400.227
      475.396      399.936
      475.515      400.317
      475.634      400.659
      475.753      401.697
      475.872      402.914
      475.991      404.023
      476.110      403.045
      476.229      404.064
      476.348      404.919
      476.467      406.476
      476.586      406.903
      476.705      406.772
      476.824      407.582
      476.943      408.557
      477.062      407.545
      477.181      408.405
      477.300      409.595
      477.419      411.198
      477.538      411.950
      477.657      411.281
      477.776      411.679
      477.895      412.849
      478.013      412.703
      478.132      411.859
      478.251      411.712
      478.370      412.245
      478.489      412.803
      478.608      412.707
      478.727      413.450
      478.846      415.190
      478.965      414.429
      479.084      415.114
      479.203      415.339
      479.322      415.674
      479.441      415.629
      479.560      415.343
      479.679      415.719
      479.798      417.249
      479.917      417.159
      480.036      418.374
      480.155      419.515
      480.274      421.073
      480.393      422.402
      480.512      423.304
      480.631      425.097
      480.750      425.654
      480.868      424.153
      480.987      424.352
      481.106      425.463
      481.225      425.910
      481.344      426.772
      481.463      427.556
      481.582      428.891
      481.701      429.480
      481.820      429.504
      481.939      428.937
      482.058      428.389
      482.177      427.846
      482.296      428.618
      482.415      429.194
      482.534      429.355
      482.653      431.337
      482.772      430.240
      482.891      429.955
      483.010      429.964
      483.129      430.456
      483.248      430.461
      483.367      430.210
      483.486      431.141
      483.605      433.923
      483.724      433.643
      483.842      433.935
      483.961      434.084
      484.080      433.549
      484.199      432.365
      484.318      431.543
      484.437      431.952
      484.556      433.727
      484.675      433.805
      484.794      432.633
      484.913      431.457
      485.032      431.141
      485.151      431.075
      485.270      431.000
      485.389      431.905
      485.508      433.571
      485.627      433.517
      485.746      432.995
      485.865      433.439
      485.984      431.642
      486.103      430.810
      486.222      429.385
      486.341      430.086
      486.460      431.247
      486.579      431.635
      486.698      430.940
      486.816      430.436
      486.935      428.687
      487.054      429.163
      487.173      429.654
      487.292      431.004
      487.411      431.145
      487.530      429.497
      487.649      427.009
      487.768      426.113
      487.887      424.683
      488.006      425.925
      488.125      425.738
      488.244      426.354
      488.363      425.605
      488.482      424.418
      488.601      423.048
      488.720      423.962
      488.839      423.599
      488.958      423.101
      489.077      422.064
      489.196      421.020
      489.315      419.634
      489.434      418.507
      489.553      418.527
      489.672      418.101
      489.790      417.197
      489.909      417.103
      490.028      416.546
      490.147      416.379
      490.266      415.604
      490.385      414.221
      490.504      412.748
      490.623      412.487
      490.742      410.484
      490.861      410.550
      490.980      409.815
      491.099      409.689
      491.218      408.293
      491.337      406.891
      491.456      405.905
      491.575      405.477
      491.694      404.516
      491.813      405.553
      491.932      403.227
      492.051      401.817
      492.170      399.226
      492.289      397.009
      492.408      395.069
      492.527      394.055
      492.646      391.058
      492.764      391.237
      492.883      389.916
      493.002      389.897
      493.121      389.644
      493.240      387.693
      493.359      385.603
      493.478      385.469
      493.597      384.154
      493.716      384.182
      493.835      382.445
      493.954      382.655
      494.073      382.413
      494.192      381.457
      494.311      380.673
      494.430      380.326
      494.549      379.324
      494.668      379.034
      494.787      377.283
      494.906      377.108
      495.025      376.589
      495.144      375.853
      495.263      374.882
      495.382      374.778
      495.501      374.854
      495.620      375.763
      495.738      376.099
      495.857      377.924
      495.976      377.891
      496.095      376.552
      496.214      376.430
      496.333      376.230
      496.452      376.468
      496.571      376.648
      496.690      375.902
      496.809      375.817
      496.928      377.683
      497.047      377.686
      497.166      378.605
      497.285      379.322
      497.404      378.279
      497.523      377.632
      497.642      376.397
      497.761      376.754
      497.880      376.570
      497.999      376.578
      498.118      376.040
      498.237      376.850
      498.356      376.109
      498.475      377.367
      498.594      376.938
      498.712      376.151
      498.831      375.318
      498.950      375.237
      499.069      374.559
      499.188      374.713
      499.307      372.962
      499.426      373.714
      499.545      372.858
      499.664      373.637
      499.783      372.421
      499.902      370.701
      500.021      369.345
      500.140      368.890
      500.259      368.486
      500.378      369.213
      500.497      368.664
      500.616      368.937
      500.735      368.747
      500.854      367.583
      500.973      368.075
      501.092      368.849
      501.211      367.846
      501.330      367.906
      501.449      365.002
      501.568      364.104
      501.686      363.095
      501.805      362.056
      501.924      360.698
      502.043      361.050
      502.162      361.292
      502.281      362.607
      502.400      362.450
      502.519      362.532
      502.638      361.895
      502.757      360.299
      502.876      358.296
      502.995      357.945
      503.114      355.920
      503.233      356.205
      503.352      353.992
      503.471      353.791
      503.590      353.847
      503.709      353.594
      503.828      351.755
      503.947      351.215
      504.066      348.076
      504.185      349.295
      504.304      348.656
      504.423      348.763
      504.542      347.522
      504.660      346.480
      504.779      345.725
      504.898      345.524
      505.017      343.541
      505.136      343.245
      505.255      341.340
      505.374      341.890
      505.493      341.040
      505.612      339.986
      505.731      338.435
      505.850      338.935
      505.969      337.688
      506.088      339.115
      506.207      339.270
      506.326      339.075
      506.445      336.728
      506.564      334.799
      506.683      331.716
      506.802      330.560
      506.921      327.537
      507.040      327.370
      507.159      325.923
      507.278      326.726
      507.397      324.989
      507.516      323.646
      507.634      320.207
      507.753      319.375
      507.872      315.965
      507.991      316.561
      508.110      314.966
      508.229      315.468
      508.348      314.582
      508.467      314.342
      508.586      312.019
      508.705      312.063
      508.824      309.085
      508.943      310.023
      509.062      306.658
      509.181      307.612
      509.300      305.852
      509.419      305.120
      509.538      304.495
      509.657      305.679
      509.776      304.525
      509.895      305.567
      510.014      303.293
      510.133      302.697
      510.252      300.705
      510.371      298.758
      510.490      296.853
      510.608      296.227
      510.727      294.726
      510.846      295.291
      510.965      293.730
      511.084      293.086
      511.203      291.528
      511.322      291.339
      511.441      291.378
      511.560      291.544
      511.679      289.867
      511.798      289.548
      511.917      289.459
      512.036      290.907
      512.155      291.648
      512.274      290.622
      512.393      290.181
      512.512      290.326
      512.631      290.306
      512.750      291.566
      512.869      291.120
      512.988      291.582
      513.107      290.165
      513.226      288.832
      513.345      286.765
      513.464      287.103
      513.582      286.549
      513.701      287.326
      513.820      287.606
      513.939      288.459
      514.058      289.548
      514.177      289.283
      514.296      288.840
      514.415      288.317
      514.534      287.261
      514.653      287.145
      514.772      286.572
      514.891      287.545
      515.010      287.187
      515.129      286.275
      515.248      286.206
      515.367      287.530
      515.486      285.514
      515.605      285.806
      515.724      285.343
      515.843      286.276
      515.962      287.275
      516.081      287.055
      516.200      286.382
      516.319      286.022
      516.438      283.849
      516.556      284.185
      516.675      282.777
      516.794      284.171
      516.913      284.254
      517.032      282.251
      517.151      280.551
      517.270      280.115
      517.389      279.111
      517.508      279.084
      517.627      278.626
      517.746      278.626
      517.865      278.676
      517.984      278.217
      518.103      276.737
      518.222      276.802
      518.341      277.381
      518.460      279.112
      518.579      278.366
      518.698      278.534
      518.817      278.054
      518.936      276.886
      519.055      275.740
      519.174      275.367
      519.293      274.859
      519.411      274.090
      519.530      272.327
      519.649      271.601
      519.768      271.455
      519.887      269.755
      520.006      267.962
      520.125      267.543
      520.244      267.400
      520.363      268.177
      520.482      268.332
      520.601      269.092
      520.720      268.646
      520.839      265.401
      520.958      263.994
      521.077      265.089
      521.196      264.834
      521.315      264.648
      521.434      264.793
      521.553      265.849
      521.672      266.560
      521.791      265.171
      521.910      263.696
      522.029      262.674
      522.148      260.628
      522.267      260.056
      522.385      259.025
      522.504      259.730
      522.623      261.186
      522.742      260.581
      522.861      261.820
      522.980      262.966
      523.099      261.753
      523.218      260.728
      523.337      259.343
      523.456      258.847
      523.575      259.675
      523.694      258.248
      523.813      258.511
      523.932      258.645
      524.051      256.644
      524.170      254.988
      524.289      253.677
      524.408      255.618
      524.527      256.166
      524.646      254.496
      524.765      253.407
      524.884      251.980
      525.003      250.779
      525.122      251.113
      525.241      251.265
      525.359      251.465
      525.478      251.456
      525.597      249.898
      525.716      249.734
      525.835      250.025
      525.954      249.925
      526.073      249.793
      526.192      248.789
      526.311      247.063
      526.430      248.098
      526.549      247.661
      526.668      249.161
      526.787      249.890
      526.906      249.272
      527.025      247.847
      527.144      246.616
      527.263      246.497
      527.382      247.141
      527.501      247.485
      527.620      247.179
      527.739      247.369
      527.858      248.327
      527.977      249.231
      528.096      249.217
      528.215      249.945
      528.333      250.518
      528.452      249.391
      528.571      249.484
      528.690      249.210
      528.809      248.275
      528.928      247.757
      529.047      247.728
      529.166      250.199
      529.285      252.840
      529.404      250.859
      529.523      249.431
      529.642      249.024
      529.761      248.591
      529.880      247.515
      529.999      246.578
      530.118      245.971
      530.237      246.250
      530.356      244.916
      530.475      245.074
      530.594      246.072
      530.713      247.813
      530.832      248.604
      530.951      248.811
      531.070      248.588
      531.189      249.463
      531.307      248.859
      531.426      249.346
      531.545      249.362
      531.664      249.161
      531.783      248.217
      531.902      247.554
      532.021      247.427
      532.140      248.826
      532.259      248.466
      532.378      249.197
      532.497      250.257
      532.616      250.231
      532.735      250.050
      532.854      249.123
      532.973      248.175
      533.092      248.386
      533.211      245.770
      533.330      245.457
      533.449      245.797
      533.568      247.057
      533.687      246.480
      533.806      245.855
      533.925      245.776
      534.044      245.915
      534.163      245.387
      534.281      245.919
      534.400      245.391
      534.519      245.054
      534.638      244.140
      534.757      245.122
      534.876      246.184
      534.995      247.648
      535.114      245.568
      535.233      244.473
      535.352      243.697
      535.471      242.999
      535.590      241.591
      535.709      240.941
      535.828      241.489
      535.947      242.964
      536.066      243.035
      536.185      242.735
      536.304      242.169
      536.423      242.007
      536.542      241.908
      536.661      242.138
      536.780      241.843
      536.899      242.927
      537.018      240.876
      537.137      239.747
      537.255      239.362
      537.374      241.311
      537.493      242.575
      537.612      241.497
      537.731      241.873
      537.850      242.758
      537.969      241.812
      538.088      240.520
      538.207      239.860
      538.326      240.390
      538.445      240.367
      538.564      239.808
      538.683      238.983
      538.802      240.555
      538.921      239.607
      539.040      239.616
      539.159      238.849
      539.278      239.842
      539.397      240.420
      539.516      241.419
      539.635      241.758
      539.754      240.687
      539.873      239.382
      539.992      240.418
      540.111      240.529
      540.229      240.517
      540.348      240.089
      540.467      240.343
      540.586      240.656
      540.705      240.586
      540.824      237.440
      540.943      237.567
      541.062      237.726
      541.181      237.653
      541.300      237.181
      541.419      236.255
      541.538      235.372
      541.657      236.195
      541.776      235.104
      541.895      235.554
      542.014      234.313
      542.133      235.371
      542.252      235.863
      542.371      236.281
      542.490      235.483
      542.609      235.143
      542.728      232.978
      542.847      231.880
      542.966      231.353
      543.085      231.040
      543.203      231.917
      543.322      231.705
      543.441      231.487
      543.560      232.370
      543.679      231.431
      543.798      231.198
      543.917      231.418
      544.036      232.023
      544.155      231.859
      544.274      232.539
      544.393      231.590
      544.512      232.432
      544.631      232.158
      544.750      232.755
      544.869      231.433
      544.988      230.544
      545.107      230.714
      545.226      232.904
      545.345      233.822
      545.464      233.157
      545.583      230.793
      545.702      231.924
      545.821      232.848
      545.940      232.082
      546.059      229.786
      546.177      228.816
      546.296      227.339
      546.415      227.588
      546.534      225.533
      546.653      226.419
      546.772      225.951
      546.891      226.682
      547.010      226.467
      547.129      227.117
      547.248      227.763
      547.367      228.334
      547.486      226.176
      547.605      224.869
      547.724      224.909
      547.843      224.030
      547.962      223.589
      548.081      222.275
      548.200      222.419
      548.319      223.836
      548.438      222.984
      548.557      222.645
      548.676      221.482
      548.795      220.565
      548.914      219.740
      549.033      219.342
      549.151      219.046
      549.270      220.571
      549.389      219.300
      549.508      219.320
      549.627      219.977
      549.746      221.095
      549.865      220.376
      549.984      219.850
      550.103      219.452
      550.222      220.608
      550.341      219.931
      550.460      219.764
      550.579      218.717
      550.698      217.323
      550.817      216.608
      550.936      217.684
      551.055      218.079
      551.174      218.737
      551.293      216.982
      551.412      217.152
      551.531      216.569
      551.650      216.289
      551.769      216.448
      551.888      216.805
      552.007      217.786
      552.125      219.082
      552.244      218.351
      552.363      218.108
      552.482      217.264
      552.601      217.450
      552.720      216.284
      552.839      215.949
      552.958      216.028
      553.077      217.315
      553.196      216.207
      553.315      215.630
      553.434      215.032
      553.553      214.868
      553.672      214.146
      553.791      213.822
      553.910      214.169
      554.029      215.925
      554.148      215.224
      554.267      214.405
      554.386      213.714
      554.505      214.099
      554.624      214.705
      554.743      214.795
      554.862      214.997
      554.981      215.076
      555.099      213.424
      555.218      214.018
      555.337      212.889
      555.456      212.486
      555.575      212.213
      555.694      212.123
      555.813      211.456
      555.932      212.174
      556.051      211.016
      556.170      210.834
      556.289      210.183
      556.408      209.256
      556.527      207.741
      556.646      208.212
      556.765      208.304
      556.884      209.411
      557.003      207.982
      557.122      208.323
      557.241      207.065
      557.360      206.661
      557.479      207.628
      557.598      207.083
      557.717      207.349
      557.836      207.004
      557.955      206.312
      558.073      207.097
      558.192      207.281
      558.311      207.774
      558.430      206.596
      558.549      205.302
      558.668      204.117
      558.787      204.523
      558.906      203.981
      559.025      204.966
      559.144      204.593
      559.263      203.878
      559.382      203.629
      559.501      204.419
      559.620      205.042
      559.739      206.390
      559.858      204.191
      559.977      204.310
      560.096      204.288
      560.215      203.904
      560.334      203.822
      560.453      202.944
      560.572      201.719
      560.691      201.708
      560.810      200.147
      560.929      199.848
      561.047      198.958
      561.166      198.442
      561.285      197.216
      561.404      196.597
      561.523      195.126
      561.642      196.140
      561.761      194.527
      561.880      195.204
      561.999      194.275
      562.118      193.261
      562.237      193.157
      562.356      193.754
      562.475      193.672
      562.594      194.469
      562.713      192.982
      562.832      191.635
      562.951      191.092
      563.070      191.841
      563.189      191.656
      563.308      191.753
      563.427      190.846
      563.546      189.863
      563.665      188.571
      563.784      188.071
      563.903      187.017
      564.021      186.349
      564.140      185.746
      564.259      185.582
      564.378      184.941
      564.497      185.027
      564.616      182.860
      564.735      181.915
      564.854      181.192
      564.973      181.523
      565.092      181.924
      565.211      181.939
      565.330      181.520
      565.449      182.481
      565.568      180.291
      565.687      179.367
      565.806      178.004
      565.925      178.161
      566.044      177.987
      566.163      176.488
      566.282      176.173
      566.401      176.194
      566.520      174.338
      566.639      174.630
      566.758      174.842
      566.877      175.493
      566.995      175.281
      567.114      176.122
      567.233      175.948
      567.352      176.230
      567.471      174.396
      567.590      173.256
      567.709      173.494
      567.828      173.158
      567.947      172.365
      568.066      172.919
      568.185      172.680
      568.304      173.179
      568.423      170.558
      568.542      169.386
      568.661      169.467
      568.780      170.189
      568.899      170.216
      569.018      170.541
      569.137      169.151
      569.256      169.116
      569.375      167.053
      569.494      166.731
      569.613      167.222
      569.732      167.627
      569.851      166.919
      569.969      166.803
      570.088      165.332
      570.207      166.040
      570.326      164.861
      570.445      164.154
      570.564      164.581
      570.683      164.600
      570.802      164.745
      570.921      163.480
      571.040      163.049
      571.159      163.860
      571.278      162.612
      571.397      162.762
      571.516      161.627
      571.635      160.845
      571.754      160.247
      571.873      160.765
      571.992      161.126
      572.111      160.864
      572.230      158.998
      572.349      158.471
      572.468      157.749
      572.587      158.094
      572.706      158.163
      572.825      158.584
      572.943      159.498
      573.062      159.361
      573.181      157.122
      573.300      156.129
      573.419      155.336
      573.538      156.256
      573.657      156.498
      573.776      155.760
      573.895      155.509
      574.014      156.092
      574.133      153.902
      574.252      152.557
      574.371      151.868
      574.490      150.675
      574.609      149.037
      574.728      149.680
      574.847      149.993
      574.966      149.878
      575.085      149.080
      575.204      149.734
      575.323      149.510
      575.442      148.518
      575.561      148.533
      575.680      147.578
      575.799      147.907
      575.917      147.564
      576.036      145.824
      576.155      144.849
      576.274      144.221
      576.393      143.664
      576.512      144.347
      576.631      144.732
      576.750      146.088
      576.869      147.953
      576.988      146.214
      577.107      144.540
      577.226      143.131
      577.345      142.384
      577.464      143.268
      577.583      143.388
      577.702      143.388
      577.821      143.492
      577.940      142.153
      578.059      141.161
      578.178      140.272
      578.297      139.523
      578.416      139.366
      578.535      138.862
      578.654      139.302
      578.773      139.557
      578.891      137.875
      579.010      136.882
      579.129      136.524
      579.248      136.464
      579.367      136.377
      579.486      135.302
      579.605      136.480
      579.724      137.361
      579.843      137.307
      579.962      138.536
      580.081      139.564
      580.200      138.913
      580.319      139.165
      580.438      139.568
      580.557      140.391
      580.676      144.134
      580.795      142.363
      580.914      143.225
      581.033      143.238
      581.152      145.597
      581.271      146.568
      581.390      147.649
      581.509      147.870
      581.628      150.243
      581.747      148.726
      581.865      150.348
      581.984      151.366
      582.103      154.265
      582.222      155.682
      582.341      157.339
      582.460      158.353
      582.579      160.121
      582.698      159.881
      582.817      162.474
      582.936      163.709
      583.055      165.119
      583.174      165.406
      583.293      167.855
      583.412      170.246
      583.531      172.167
      583.650      172.099
      583.769      173.694
      583.888      175.438
      584.007      178.048
      584.126      181.218
      584.245      185.491
      584.364      187.964
      584.483      190.175
      584.602      188.977
      584.721      190.724
      584.839      191.852
      584.958      195.807
      585.077      199.017
      585.196      201.664
      585.315      202.566
      585.434      206.046
      585.553      206.290
      585.672      209.118
      585.791      211.195
      585.910      214.637
      586.029      218.224
      586.148      221.407
      586.267      223.627
      586.386      227.496
      586.505      227.246
      586.624      227.398
      586.743      227.100
      586.862      228.858
      586.981      230.986
      587.100      234.430
      587.219      238.240
      587.338      243.714
      587.457      243.729
      587.576      246.506
      587.695      247.705
      587.813      247.904
      587.932      249.640
      588.051      251.931
      588.170      254.837
      588.289      257.944
      588.408      257.687
      588.527      259.917
      588.646      261.543
      588.765      262.373
      588.884      263.498
      589.003      264.589
      589.122      264.994
      589.241      266.891
      589.360      264.632
      589.479      266.925
      589.598      266.775
      589.717      267.514
      589.836      267.654
      589.955      269.283
      590.074      268.700
      590.193      270.991
      590.312      270.673
      590.431      273.072
      590.550      275.065
      590.669      277.443
      590.787      277.673
      590.906      276.739
      591.025      276.160
      591.144      275.966
      591.263      273.403
      591.382      273.693
      591.501      274.268
      591.620      275.714
      591.739      276.379
      591.858      278.373
      591.977      278.732
      592.096      282.553
      592.215      283.193
      592.334      283.408
      592.453      281.527
      592.572      280.518
      592.691      280.190
      592.810      281.227
      592.929      280.362
      593.048      280.980
      593.167      278.592
      593.286      278.778
      593.405      279.340
      593.524      280.165
      593.643      278.739
      593.761      278.063
      593.880      279.582
      593.999      284.421
      594.118      283.402
      594.237      282.988
      594.356      281.071
      594.475      282.115
      594.594      280.472
      594.713      280.417
      594.832      278.605
      594.951      279.228
      595.070      276.590
      595.189      275.169
      595.308      273.607
      595.427      273.231
      595.546      272.140
      595.665      272.566
      595.784      271.121
      595.903      271.069
      596.022      269.410
      596.141      270.196
      596.260      271.162
      596.379      273.513
      596.498      271.903
      596.617      270.428
      596.735      268.299
      596.854      268.083
      596.973      266.207
      597.092      267.179
      597.211      267.903
      597.330      268.506
      597.449      268.286
      597.568      266.506
      597.687      265.045
      597.806      264.803
      597.925      263.866
      598.044      264.125
      598.163      263.921
      598.282      263.628
      598.401      261.990
      598.520      260.347
      598.639      259.194
      598.758      259.458
      598.877      256.397
      598.996      256.304
      599.115      254.924
      599.234      253.414
      599.353      252.818
      599.472      252.200
      599.591      252.802
      599.709      255.304
      599.828      255.890
      599.947      256.703
      600.066      257.074
      600.185      258.261
      600.304      257.128
      600.423      255.541
      600.542      253.009
      600.661      253.029
      600.780      250.110
      600.899      250.265
      601.018      250.868
      601.137      250.842
      601.256      251.100
      601.375      251.488
      601.494      251.195
      601.613      251.340
      601.732      249.414
      601.851      249.337
      601.970      249.322
      602.089      249.529
      602.208      250.235
      602.327      250.691
      602.446      249.615
      602.565      250.759
      602.683      248.177
      602.802      247.952
      602.921      246.687
      603.040      246.529
      603.159      247.463
      603.278      247.243
      603.397      247.609
      603.516      248.430
      603.635      247.340
      603.754      246.739
      603.873      246.302
      603.992      245.860
      604.111      245.099
      604.230      245.053
      604.349      244.425
      604.468      245.403
      604.587      243.908
      604.706      242.909
      604.825      241.509
      604.944      241.159
      605.063      240.768
      605.182      240.468
      605.301      240.180
      605.420      240.582
      605.539      239.392
      605.657      239.063
      605.776      237.511
      605.895      236.851
      606.014      236.178
      606.133      235.442
      606.252      233.539
      606.371      234.135
      606.490      232.569
      606.609      234.429
      606.728      234.471
      606.847      233.716
      606.966      233.064
      607.085      232.028
      607.204      231.009
      607.323      231.198
      607.442      228.820
      607.561      228.487
      607.680      229.026
      607.799      229.174
      607.918      229.634
      608.037      230.422
      608.156      231.055
      608.275      232.602
      608.394      230.398
      608.513      229.785
      608.631      227.234
      608.750      225.676
      608.869      224.382
      608.988      224.065
      609.107      224.111
      609.226      226.091
      609.345      225.527
      609.464      225.856
      609.583      226.484
      609.702      226.249
      609.821      226.572
      609.940      225.361
      610.059      224.501
      610.178      223.907
      610.297      221.608
      610.416      221.359
      610.535      220.763
      610.654      219.883
      610.773      219.326
      610.892      218.873
      611.011      218.663
      611.130      219.124
      611.249      217.380
      611.368      217.280
      611.487      216.993
      611.605      215.879
      611.724      215.012
      611.843      214.314
      611.962      212.948
      612.081      212.352
      612.200      209.755
      612.319      209.918
      612.438      211.237
      612.557      211.948
      612.676      212.844
      612.795      211.603
      612.914      211.250
      613.033      211.170
      613.152      209.909
      613.271      209.678
      613.390      209.702
      613.509      209.994
      613.628      210.100
      613.747      209.333
      613.866      208.116
      613.985      208.985
      614.104      206.420
      614.223      204.612
      614.342      202.487
      614.461      201.237
      614.579      201.119
      614.698      200.708
      614.817      202.123
      614.936      203.301
      615.055      202.914
      615.174      201.386
      615.293      199.863
      615.412      199.463
      615.531      198.652
      615.650      198.567
      615.769      198.670
      615.888      200.125
      616.007      199.859
      616.126      200.442
      616.245      200.305
      616.364      200.120
      616.483      198.429
      616.602      197.353
      616.721      197.338
      616.840      197.845
      616.959      195.970
      617.078      196.107
      617.197      197.102
      617.316      196.041
      617.435      195.685
      617.553      194.836
      617.672      194.743
      617.791      195.468
      617.910      193.718
      618.029      194.361
      618.148      194.769
      618.267      194.032
      618.386      194.316
      618.505      192.387
      618.624      192.076
      618.743      191.299
      618.862      189.350
      618.981      187.224
      619.100      186.234
      619.219      185.338
      619.338      184.071
      619.457      182.425
      619.576      182.849
      619.695      185.072
      619.814      185.166
      619.933      185.933
      620.052      185.437
      620.171      183.530
      620.290      182.903
      620.409      181.226
      620.527      181.325
      620.646      181.850
      620.765      180.578
      620.884      180.294
      621.003      180.221
      621.122      180.167
      621.241      179.687
      621.360      178.929
      621.479      178.974
      621.598      180.629
      621.717      178.427
      621.836      179.423
      621.955      179.021
      622.074      179.543
      622.193      179.786
      622.312      179.917
      622.431      180.072
      622.550      181.571
      622.669      179.712
      622.788      179.890
      622.907      179.275
      623.026      178.167
      623.145      177.574
      623.264      176.875
      623.383      176.679
      623.501      177.326
      623.620      176.484
      623.739      176.241
      623.858      175.873
      623.977      173.908
      624.096      174.347
      624.215      173.694
      624.334      173.699
      624.453      175.273
      624.572      173.948
      624.691      173.455
      624.810      173.389
      624.929      172.432
      625.048      172.669
      625.167      172.692
      625.286      172.496
      625.405      172.668
      625.524      170.218
      625.643      169.474
      625.762      169.902
      625.881      168.295
      626.000      168.169
      626.119      168.157
      626.238      169.187
      626.357      169.133
      626.475      167.667
      626.594      166.654
      626.713      164.996
      626.832      164.012
      626.951      163.748
      627.070      162.310
      627.189      161.987
      627.308      160.655
      627.427      159.448
      627.546      158.784
      627.665      159.719
      627.784      159.938
      627.903      160.599
      628.022      159.910
      628.141      158.869
      628.260      159.733
      628.379      158.345
      628.498      159.054
      628.617      160.212
      628.736      161.017
      628.855      159.851
      628.974      158.178
      629.093      156.624
      629.212      155.991
      629.331      154.591
      629.449      154.974
      629.568      155.011
      629.687      154.508
      629.806      153.861
      629.925      153.215
      630.044      153.406
      630.163      154.299
      630.282      152.028
      630.401      150.667
      630.520      149.827
      630.639      147.932
      630.758      146.305
      630.877      144.834
      630.996      144.383
      631.115      145.743
      631.234      145.712
      631.353      147.427
      631.472      148.579
      631.591      148.632
      631.710      148.565
      631.829      146.804
      631.948      145.318
      632.067      144.307
      632.186      143.445
      632.305      145.266
      632.423      147.144
      632.542      147.772
      632.661      147.829
      632.780      147.025
      632.899      146.720
      633.018      146.289
      633.137      142.070
      633.256      140.024
      633.375      138.434
      633.494      138.272
      633.613      139.773
      633.732      139.894
      633.851      139.111
      633.970      138.147
      634.089      136.024
      634.208      134.491
      634.327      134.732
      634.446      134.291
      634.565      135.058
      634.684      134.484
      634.803      135.510
      634.922      135.444
      635.041      133.075
      635.160      132.016
      635.279      130.353
      635.397      128.694
      635.516      128.886
      635.635      129.732
      635.754      130.620
      635.873      131.124
      635.992      129.300
      636.111      127.603
      636.230      126.395
      636.349      125.683
      636.468      125.347
      636.587      125.259
      636.706      125.753
      636.825      126.017
      636.944      123.666
      637.063      123.935
      637.182      122.754
      637.301      121.475
      637.420      122.048
      637.539      122.324
      637.658      123.535
      637.777      124.729
      637.896      122.987
      638.015      122.047
      638.134      120.625
      638.253      118.302
      638.371      117.713
      638.490      117.075
      638.609      118.129
      638.728      118.922
      638.847      118.034
      638.966      117.608
      639.085      117.268
      639.204      118.787
      639.323      119.197
      639.442      118.436
      639.561      116.356
      639.680      116.393
      639.799      114.445
      639.918      114.280
      640.037      114.230
      640.156      113.117
      640.275      111.863
      640.394      111.061
      640.513      112.161
      640.632      113.097
      640.751      111.730
      640.870      112.685
      640.989      112.574
      641.108      111.353
      641.227      109.402
      641.345      107.812
      641.464      108.037
      641.583      109.268
      641.702      107.277
      641.821      106.636
      641.940      106.658
      642.059      105.881
      642.178      104.587
      642.297      102.585
      642.416      102.969
      642.535      104.762
      642.654      104.438
      642.773      105.438
      642.892      104.491
      643.011      103.440
      643.130      103.943
      643.249      103.779
      643.368      103.640
      643.487      103.292
      643.606      100.665
      643.725      97.7890
      643.844      95.1395
      643.963      93.7672
      644.082      92.9379
      644.201      92.9739
      644.319      92.8676
      644.438      93.1512
      644.557      91.6207
      644.676      91.9722
      644.795      91.6732
      644.914      90.7727
      645.033      89.7288
      645.152      89.6520
      645.271      89.1779
      645.390      89.7155
      645.509      87.6012
      645.628      86.4298
      645.747      85.6926
      645.866      84.4823
      645.985      83.0967
      646.104      81.4674
      646.223      81.5365
      646.342      82.1602
      646.461      80.0914
      646.580      80.4458
      646.699      80.4699
      646.818      79.8825
      646.937      79.6567
      647.056      79.4120
      647.174      79.2795
      647.293      79.8345
      647.412      75.9684
      647.531      74.1635
      647.650      72.1942
      647.769      71.2377
      647.888      71.3643
      648.007      70.7450
      648.126      71.0847
      648.245      72.0897
      648.364      70.0073
      648.483      69.6124
      648.602      68.9720
      648.721      68.1300
      648.840      67.5701
      648.959      66.3932
      649.078      65.5362
      649.197      65.1696
      649.316      63.2150
      649.435      61.3027
      649.554      61.3246
      649.673      60.0217
      649.792      60.2261
      649.911      59.2435
      650.030      59.5299
      650.148      60.0757
      650.267      57.7702
      650.386      56.4367
      650.505      56.0008
      650.624      53.5319
      650.743      53.2336
      650.862      50.6534
      650.981      50.2393
      651.100      50.5164
      651.219      49.1816
      651.338      47.8710
      651.457      47.8043
      651.576      46.9113
      651.695      47.5245
      651.814      46.2552
      651.933      46.4995
      652.052      46.7376
      652.171      44.9820
      652.290      42.8488
      652.409      42.6838
      652.528      41.4661
      652.647      41.7408
      652.766      39.6978
      652.885      40.5340
      653.004      41.0260
      653.122      39.6256
      653.241      39.9320
      653.360      40.5075
      653.479      39.8617
      653.598      39.8494
      653.717      37.5948
      653.836      36.6396
      653.955      35.5300
      654.074      34.6633
      654.193      33.8794
      654.312      34.2566
      654.431      32.8557
      654.550      33.4126
      654.669      31.5095
      654.788      32.1691
      654.907      32.3021
      655.026      31.1233
      655.145      29.6285
      655.264      30.4235
      655.383      29.5326
      655.502      29.6778
      655.621      28.0710
      655.740      28.8794
      655.859      27.7741
      655.978      27.3321
      656.096      26.1739
      656.215      26.7892
      656.334      26.0108
      656.453      26.6265
      656.572      24.9756
      656.691      25.1973
      656.810      25.8844
      656.929      25.4510
      657.048      23.9413
      657.167      23.8538
      657.286      23.0161
      657.405      23.6981
      657.524      23.0219
      657.643      24.0988
      657.762      22.6783
      657.881      20.9793
      658.000      18.9821
      658.119      19.4376
      658.238      17.9382
      658.357      19.1447
      658.476      17.8262
      658.595      18.6444
      658.714      18.0120
      658.833      17.3925
      658.952      16.1119
      659.070      16.1788
      659.189      15.0857
      659.308      16.2217
      659.427      15.4460
      659.546      16.4333
      659.665      16.5650
      659.784      15.8214
      659.903      15.5121
      660.022      17.2134
      660.141      15.8923
      660.260      17.0102
      660.379      15.8250
      660.498      16.5390
      660.617      17.0193
      660.736      15.7867
      660.855      15.2483
      660.974      15.5535
      661.093      14.8983
      661.212      16.3455
      661.331      15.6773
      661.450      16.2875
      661.569      17.1962
      661.688      15.4767
      661.807      14.8604
      661.926      15.1332
      662.044      13.8874
      662.163      15.9058
      662.282      15.5880
      662.401      17.3144
      662.520      17.6845
      662.639      16.8086
      662.758      15.0176
      662.877      15.4461
      662.996      13.5188
      663.115      13.0322
      663.234      11.6045
      663.353      12.0265
      663.472      11.9617
      663.591      10.9039
      663.710      10.6769
      663.829      11.1833
      663.948      11.2485
      664.067      11.9048
      664.186      12.9507
      664.305      13.9318
      664.424      15.4713
      664.543      13.1284
      664.662      13.4019
      664.781      13.7339
      664.900      13.1373
      665.018      13.7031
      665.137      12.9960
      665.256      14.1010
      665.375      14.6215
      665.494      14.4210
      665.613      13.1811
      665.732      14.0005
      665.851      12.6889
      665.970      13.5928
      666.089      13.1713
      666.208      13.6984
      666.327      14.1087
      666.446      13.1282
      666.565      11.5821
      666.684      11.4853
      666.803      9.96496
      666.922      11.0187
      667.041      10.1677
      667.160      11.4036
      667.279      11.5538
      667.398      11.3335
      667.517      12.1287
      667.636      12.7814
      667.755      12.2502
      667.874      12.5777
      667.992      12.5669
      668.111      13.1680
      668.230      13.7302
      668.349      11.7532
      668.468      11.6315
      668.587      11.8485
      668.706      11.6552
      668.825      11.4813
      668.944      10.5058
      669.063      11.5050
      669.182      11.6700
      669.301      11.4699
      669.420      11.5176
      669.539      12.1524
      669.658      12.7613
      669.777      12.5613
      669.896      12.2177
      670.015      12.8334
      670.134      12.1633
      670.253      10.8137
      670.372      10.3323
      670.491      11.2552
      670.610      10.6692
      670.729      11.2919
      670.848      11.1371
      670.966      11.7081
      671.085      12.1820
      671.204      11.4395
      671.323      11.4229
      671.442      12.0737
      671.561      11.2783
      671.680      11.9163
      671.799      11.1008
      671.918      11.4771
      672.037      12.4040
      672.156      11.3914
      672.275      10.8436
      672.394      10.8924
      672.513      9.67516
      672.632      10.3797
      672.751      9.71303
      672.870      11.0679
      672.989      11.3991
      673.108      11.2576
      673.227      10.1831
      673.346      10.6326
      673.465      9.43251
      673.584      10.1516
      673.703      10.5686
      673.822      11.4398
      673.940      11.8968
      674.059      10.9982
      674.178      10.2374
      674.297      10.7801
      674.416      10.0913
      674.535      12.0577
      674.654      10.8157
      674.773      11.8474
      674.892      11.6399
      675.011      10.5681
      675.130      10.2084
      675.249      10.8187
      675.368      10.2211
      675.487      10.7658
      675.606      9.73173
      675.725      10.8648
      675.844      11.3506
      675.963      11.0564
      676.082      10.5703
      676.201      12.0821
      676.320      11.6886
      676.439      11.8709
      676.558      10.9142
      676.677      11.9244
      676.796      11.1659
      676.914      10.5595
      677.033      10.0587
      677.152      10.8709
      677.271      10.6088
      677.390      10.8775
      677.509      10.4625
      677.628      11.7075
      677.747      12.3753
      677.866      10.7777
      677.985      10.1496
      678.104      10.5850
      678.223      10.4287
      678.342      10.8911
      678.461      10.5219
      678.580      11.3308
      678.699      11.8739
      678.818      10.4521
      678.937      9.99562
      679.056      10.5121
      679.175      9.92201
      679.294      10.8123
      679.413      10.6290
      679.532      12.2543
      679.651      12.5453
      679.770      11.8814
      679.888      11.3775
      680.007      10.9668
      680.126      10.4021
      680.245      10.6796
      680.364      10.3753
      680.483      11.3021
      680.602      11.1919
      680.721      10.3585
      680.840      10.0538
      680.959      10.2714
      681.078      9.87928
      681.197      10.7809
      681.316      10.3082
      681.435      11.0025
      681.554      11.1402
      681.673      10.4926
      681.792      9.71700
      681.911      9.78729
      682.030      8.76232
      682.149      9.60534
      682.268      9.39325
      682.387      10.4926
      682.506      10.4421
      682.625      10.0888
      682.744      9.43222
      682.862      10.2703
      682.981      10.4016
      683.100      10.4184
      683.219      10.5634
      683.338      10.5398
      683.457      11.1840
      683.576      10.2159
      683.695      9.76020
      683.814      10.6816
      683.933      10.9822
      684.052      11.7357
      684.171      12.1653
      684.290      12.7709
      684.409      13.2551
      684.528      12.5085
      684.647      11.1185
      684.766      10.9799
      684.885      9.48017
      685.004      10.2960
      685.123      9.49295
      685.242      9.69248
      685.361      10.4549
      685.480      9.95628
      685.599      10.1358
      685.718      10.6751
      685.836      11.1265
      685.955      10.7225
      686.074      10.6308
      686.193      10.8788
      686.312      10.6103
      686.431      9.45776
      686.550      8.99144
      686.669      9.52494
      686.788      9.48030
      686.907      9.83048
      687.026      10.1877
      687.145      10.9811
      687.264      10.8551
      687.383      9.59066
      687.502      8.38680
      687.621      8.63498
      687.740      7.71662
      687.859      8.36743
      687.978      7.68053
      688.097      8.63223
      688.216      9.29760
      688.335      9.21854
      688.454      9.37867
      688.573      10.4210
      688.692      9.43934
      688.810      9.28497
      688.929      9.56854
      689.048      10.2152
      689.167      11.2389
      689.286      10.2011
      689.405      9.66981
      689.524      9.88540
      689.643      9.15480
      689.762      9.21945
      689.881      8.64599
      690.000      9.69208
      690.119      9.92176
      690.238      10.0486
      690.357      9.59142
      690.476      9.87627
      690.595      8.96504
      690.714      9.74503
      690.833      9.47297
      690.952      10.9762
      691.071      10.6217
      691.190      10.7491
      691.309      10.6630
      691.428      11.3554
      691.547      10.4699
      691.666      11.1834
      691.784      10.4490
      691.903      10.9146
      692.022      10.8077
      692.141      10.3004
      692.260      9.53031
      692.379      9.78906
      692.498      8.99066
      692.617      10.0167
      692.736      9.61895
      692.855      10.3000
      692.974      11.5421
      693.093      10.7844
      693.212      9.90862
      693.331      9.51015
      693.450      9.39551
      693.569      9.37089
      693.688      9.53345
      693.807      10.1469
      693.926      10.8441
      694.045      10.2508
      694.164      10.1779
      694.283      10.6049
      694.402      10.4833
      694.521      10.0212
      694.640      10.2887
      694.758      11.4047
      694.877      11.7842
      694.996      10.7512
      695.115      10.2954
      695.234      10.4381
      695.353      10.3301
      695.472      10.3683
      695.591      8.47580
      695.710      9.09907
      695.829      9.84131
      695.948      9.25142
      696.067      8.59835
      696.186      8.76168
      696.305      8.77148
      696.424      8.81621
      696.543      9.02869
      696.662      9.66073
      696.781      10.4540
      696.900      9.93275
      697.019      9.84498
      697.138      10.4081
      697.257      10.0754
      697.376      10.7090
      697.495      9.98378
      697.614      10.8280
      697.732      11.2101
      697.851      9.95837
      697.970      9.78621
      698.089      10.0771
      698.208      10.1014
      698.327      10.7015
      698.446      10.7471
      698.565      11.2003
      698.684      12.2864
      698.803      10.5044
      698.922      10.4445
      699.041      10.4549
      699.160      9.68372
      699.279      10.0596
      699.398      10.2878
      699.517      11.3684
      699.636      11.4069
      699.755      10.1204
      699.874      9.48178
      699.993      9.73835
      700.112      8.94407
      700.231      9.74391
      700.350      9.57732
      700.469      10.5967
      700.588      10.9598
      700.706      10.1930
      700.825      9.97690
      700.944      9.85960
      701.063      9.19079
      701.182      9.93597
      701.301      9.83271
      701.420      10.2247
      701.539      10.7231
      701.658      10.2660
      701.777      9.13579
      701.896      9.86099
      702.015      9.36779
      702.134      10.2707
      702.253      9.56461
      702.372      9.70920
      702.491      10.1802
      702.610      9.71459
      702.729      9.80226
      702.848      9.93967
      702.967      9.53033
      703.086      10.3284
      703.205      9.48548
      703.324      10.1276
      703.443      10.0093
      703.562      9.40036
      703.680      9.46678
      703.799      9.60439
      703.918      9.09449
      704.037      9.37444
      704.156      9.48365
      704.275      10.6754
      704.394      11.2053
      704.513      10.9944
      704.632      10.6765
      704.751      11.7914
      704.870      10.2185
      704.989      10.9630
      705.108      10.0668
      705.227      11.1756
      705.346      11.3569
      705.465      11.0528
      705.584      10.8343
      705.703      10.5942
      705.822      9.10348
      705.941      9.33455
      706.060      8.99381
      706.179      9.76140
      706.298      11.1446
      706.417      11.2764
      706.536      10.1844
      706.654      10.6381
      706.773      9.70293
      706.892      9.64107
      707.011      8.42567
      707.130      9.23060
      707.249      9.93560
      707.368      9.44352
      707.487      9.12330
      707.606      9.22620
      707.725      7.92261
      707.844      8.60667
      707.963      8.27871
      708.082      9.04224
      708.201      10.6826
      708.320      9.47828
      708.439      9.40177
      708.558      9.61282
      708.677      9.26302
      708.796      9.86260
      708.915      9.44072
      709.034      10.4078
      709.153      9.88500
      709.272      9.94529
      709.391      9.45815
      709.510      10.3254
      709.628      9.46346
      709.747      10.1873
      709.866      9.46922
      709.985      10.0059
      710.104      10.8533
      710.223      10.0842
      710.342      9.84901
      710.461      10.7693
      710.580      10.8593
      710.699      11.0650
      710.818      10.1213
      710.937      11.5129
      711.056      11.5670
      711.175      10.8759
      711.294      10.4956
      711.413      11.0563
      711.532      10.7120
      711.651      11.3746
      711.770      10.1171
      711.889      11.0046
      712.008      11.2835
      712.127      10.2569
      712.246      9.81020
      712.365      9.94385
      712.484      9.30071
      712.602      10.0879
      712.721      9.83676
      712.840      10.4648
      712.959      11.6602
      713.078      10.9148
      713.197      10.5399
      713.316      10.4267
      713.435      9.52742
      713.554      9.35562
      713.673      8.90698
      713.792      10.4833
      713.911      10.4574
      714.030      9.70982
      714.149      8.84508
      714.268      8.97912
      714.387      8.34711
      714.506      9.02117
      714.625      8.99477
      714.744      9.85933
      714.863      10.3738
      714.982      10.0043
      715.101      9.30564
      715.220      10.1348
      715.339      9.00421
      715.458      9.98014
      715.576      9.14155
      715.695      10.0815
      715.814      11.2857
      715.933      10.3808
      716.052      9.89307
      716.171      10.1087
      716.290      9.56925
      716.409      10.3131
      716.528      9.61190
      716.647      10.3486
      716.766      10.9973
      716.885      11.0590
      717.004      10.6873
      717.123      11.3440
      717.242      10.3181
      717.361      10.4164
      717.480      9.65439
      717.599      10.5910
      717.718      12.5360
      717.837      10.7511
      717.956      9.99578
      718.075      9.98369
      718.194      9.84639
      718.313      9.70902
      718.432      9.26210
      718.550      10.6428
      718.669      11.1174
      718.788      10.2944
      718.907      10.5996
      719.026      11.0008
      719.145      10.4207
      719.264      9.84763
      719.383      9.45888
      719.502      10.3994
      719.621      10.7050
      719.740      9.96888
      719.859      9.96413
      719.978      10.7875
      720.097      10.0729
      720.216      10.2896
      720.335      9.61844
      720.454      10.8711
      720.573      11.0585
      720.692      10.4463
      720.811      9.53027
      720.930      10.1248
      721.049      9.14165
      721.168      9.29918
      721.287      8.79718
      721.406      9.57738
      721.524      9.66837
      721.643      9.38860
      721.762      8.81943
      721.881      9.22934
      722.000      8.97157
      722.119      8.86213
      722.238      8.49281
      722.357      9.48217
      722.476      10.4200
      722.595      9.40446
      722.714      8.96808
      722.833      9.83947
      722.952      9.87872
      723.071      10.6243
      723.190      10.7678
      723.309      11.4693
      723.428      12.1784
      723.547      11.2806
      723.666      10.7099
      723.785      11.1290
      723.904      10.5357
      724.023      10.5304
      724.142      9.59406
      724.261      10.5646
      724.380      10.9767
      724.498      9.74167
      724.617      9.22930
      724.736      10.0291
      724.855      9.98641
      724.974      10.6002
      725.093      10.2069
      725.212      10.2986
      725.331      11.5324
      725.450      10.5269
      725.569      10.4918
      725.688      9.98605
      725.807      9.21119
      725.926      9.85571
      726.045      9.44672
      726.164      9.76265
      726.283      9.54038
      726.402      9.33298
      726.521      9.20777
      726.640      9.26954
      726.759      9.31638
      726.878      9.93955
      726.997      9.17804
      727.116      9.54685
      727.235      10.7252
      727.354      9.11727
      727.472      8.72247
      727.591      9.36934
      727.710      8.72699
      727.829      9.96665
      727.948      10.1493
      728.067      12.1553
      728.186      11.7006
      728.305      11.2682
      728.424      10.6554
      728.543      10.7708
      728.662      10.0899
      728.781      10.4758
      728.900      9.95236
      729.019      10.3384
      729.138      11.5896
      729.257      10.2686
      729.376      9.25539
      729.495      9.52876
      729.614      8.91389
      729.733      9.46594
      729.852      8.76788
      729.971      9.79486
      730.090      10.0838
      730.209      8.54858
      730.328      7.90234
      730.446      8.19855
      730.565      8.08752
      730.684      9.59158
      730.803      9.37570
      730.922      10.1111
      731.041      9.75933
      731.160      9.52819
      731.279      9.58412
      731.398      10.5323
      731.517      9.65071
      731.636      10.0850
      731.755      9.42980
      731.874      10.4397
      731.993      10.9428
      732.112      10.1130
      732.231      9.40390
      732.350      9.99056
      732.469      9.22791
      732.588      9.62526
      732.707      8.92271
      732.826      9.66935
      732.945      11.0846
      733.064      10.6856
      733.183      9.26076
      733.302      9.59809
      733.420      9.03101
      733.539      9.63463
      733.658      9.15088
      733.777      10.2800
      733.896      10.7932
      734.015      10.3018
      734.134      10.4650
      734.253      10.7580
      734.372      10.2433
      734.491      10.1476
      734.610      9.63231
      734.729      9.31508
      734.848      9.32580
      734.967      8.54258
      735.086      8.55305
      735.205      9.46496
      735.324      8.83384
      735.443      8.97437
      735.562      7.84562
      735.681      8.74320
      735.800      9.38887
      735.919      8.66482
      736.038      8.98930
      736.157      8.74718
      736.276      8.22141
      736.394      8.92163
      736.513      8.99361
      736.632      9.96300
      736.751      10.4420
      736.870      9.36333
      736.989      9.12077
      737.108      8.82430
      737.227      8.35861
      737.346      9.16834
      737.465      8.34113
      737.584      9.98194
      737.703      10.5005
      737.822      10.3804
      737.941      9.35968
      738.060      10.1939
      738.179      9.41129
      738.298      10.0457
      738.417      10.1334
      738.536      10.9534
      738.655      10.2549
      738.774      9.37089
      738.893      8.50953
      739.012      8.94414
      739.131      8.45269
      739.250      8.25437
      739.368      7.29128
      739.487      9.30216
      739.606      11.1519
      739.725      11.4798
      739.844      11.1429
      739.963      11.4323
      740.082      10.7393
      740.201      11.3616
      740.320      11.2874
      740.439      12.1735
      740.558      12.7038
      740.677      11.5684
      740.796      10.5487
      740.915      10.6913
      741.034      9.89565
      741.153      9.57271
      741.272      9.17922
      741.391      10.4075
      741.510      10.7980
      741.629      11.1110
      741.748      11.2533
      741.867      10.6499
      741.986      9.94529
      742.105      11.2454
      742.224      10.5639
      742.342      10.6751
      742.461      10.9575
      742.580      10.5166
      742.699      9.91206
      742.818      10.4046
      742.937      9.66745
      743.056      9.89542
      743.175      9.59395
      743.294      10.1959
      743.413      10.1826
      743.532      9.27316
      743.651      8.87774
      743.770      9.11363
      743.889      8.93634
      744.008      9.32054
      744.127      9.12762
      744.246      9.29355
      744.365      9.88102
      744.484      8.86058
      744.603      8.12078
      744.722      7.85699
      744.841      7.93664
      744.960      8.45386
      745.079      8.39300
      745.198      9.78593
      745.316      10.3742
      745.435      9.73502
      745.554      9.86988
      745.673      10.6619
      745.792      9.67814
      745.911      10.3608
      746.030      10.1594
      746.149      11.2260
      746.268      12.4419
      746.387      10.2358
      746.506      10.0420
      746.625      10.4435
      746.744      9.72466
      746.863      10.0714
      746.982      9.31299
      747.101      10.2479
      747.220      10.1244
      747.339      9.71066
      747.458      8.49653
      747.577      9.65954
      747.696      9.96753
      747.815      10.6917
      747.934      10.0421
      748.053      11.3241
      748.172      11.0436
      748.290      10.4960
      748.409      9.75958
      748.528      9.80883
      748.647      9.07197
      748.766      9.45921
      748.885      9.30394
      749.004      11.0051
      749.123      11.3300
      749.242      10.4904
      749.361      10.2644
      749.480      10.5421
      749.599      10.2452
      749.718      10.4364
      749.837      9.97383
      749.956      10.6221
      750.075      10.7899
      750.194      10.4690
      750.313      10.4871
      750.432      9.88992
      750.551      9.25309
      750.670      9.47601
      750.789      8.68887
      750.908      9.13278
      751.027      9.95584
      751.146      8.75766
      751.264      8.08817
      751.383      8.16101
      751.502      8.13907
      751.621      8.89167
      751.740      8.11104
      751.859      9.94761
      751.978      10.7490
      752.097      9.52539
      752.216      8.99758
      752.335      9.49060
      752.454      9.17628
      752.573      9.26571
      752.692      8.54719
      752.811      10.0152
      752.930      10.1603
      753.049      9.46529
      753.168      9.19014
      753.287      10.0332
      753.406      9.30584
      753.525      9.58592
      753.644      8.51679
      753.763      9.29699
      753.882      10.4826
      754.001      9.21430
      754.120      9.01005
      754.238      9.47327
      754.357      9.53130
      754.476      9.94718
      754.595      9.59974
      754.714      10.8432
      754.833      9.90697
      754.952      9.05782
      755.071      8.81330
      755.190      9.00665
      755.309      8.26041
      755.428      7.95205
      755.547      7.59569
      755.666      8.45096
      755.785      9.72940
      755.904      9.03022
      756.023      9.42384
      756.142      10.3604
      756.261      9.82053
      756.380      9.56781
      756.499      8.74774
      756.618      9.66926
      756.737      9.81596
      756.856      8.69940
      756.975      8.91788
      757.094      8.97647
      757.212      8.27484
      757.331      8.58144
      757.450      8.31970
      757.569      9.20319
      757.688      10.3356
      757.807      9.62530
      757.926      9.45975
      758.045      9.92762
      758.164      9.70591
      758.283      10.4229
      758.402      10.1771
      758.521      11.3763
      758.640      11.9337
      758.759      10.6440
      758.878      9.76345
      758.997      10.2328
      759.116      9.48027
      759.235      9.73267
      759.354      8.87487
      759.473      10.4553
      759.592      10.4586
      759.711      10.5748
      759.830      10.8360
      759.949      11.0248
      760.068      10.3673
      760.186      10.5562
      760.305      9.78516
      760.424      10.6276
      760.543      10.8893
      760.662      10.5375
      760.781      10.4763
      760.900      10.9160
      761.019      9.72333
      761.138      9.91244
      761.257      9.51935
      761.376      10.5014
      761.495      9.99491
      761.614      9.67432
      761.733      8.51940
      761.852      9.53478
      761.971      8.82476
      762.090      8.94111
      762.209      8.85482
      762.328      9.36872
      762.447      10.9459
      762.566      9.48843
      762.685      9.26418
      762.804      9.57582
      762.923      9.67643
      763.042      10.5573
      763.160      10.7315
      763.279      11.1416
      763.398      12.0157
      763.517      11.2221
      763.636      10.8757
      763.755      11.5470
      763.874      10.6384
      763.993      11.0412
      764.112      9.83026
      764.231      11.0565
      764.350      11.2641
      764.469      9.99491
      764.588      9.76148
      764.707      10.0096
      764.826      9.11449
      764.945      9.39525
      765.064      8.29504
      765.183      9.15614
      765.302      10.3613
      765.421      9.70204
      765.540      9.33698
      765.659      9.72477
      765.778      9.40033
      765.897      9.52585
      766.016      9.15166
      766.134      9.90003
      766.253      10.3455
      766.372      8.99542
      766.491      9.20303
      766.610      9.45998
      766.729      9.71707
      766.848      10.3109
      766.967      11.1186
      767.086      11.9677
      767.205      12.5627
      767.324      11.5472
      767.443      10.1282
      767.562      10.4024
      767.681      9.99412
      767.800      10.4906
      767.919      9.72819
      768.038      10.0026
      768.157      10.5407
      768.276      9.97536
      768.395      9.37670
      768.514      9.60190
      768.633      9.38204
      768.752      9.58262
      768.871      9.44512
      768.990      10.4627
      769.108      10.2759
      769.227      10.2458
      769.346      10.9502
      769.465      11.0931
      769.584      10.7155
      769.703      10.3212
      769.822      10.0095
      769.941      10.8384
      770.060      10.9731
      770.179      10.1568
      770.298      10.2252
      770.417      11.1460
      770.536      10.6685
      770.655      10.5881
      770.774      9.88661
      770.893      10.7336
      771.012      11.3821
      771.131      10.0093
      771.250      10.2021
      771.369      9.78163
      771.488      9.17855
      771.607      9.67820
      771.726      8.96700
      771.844      10.2218
      771.964      11.7262
      772.082      10.3924
      772.201      10.7186
      772.320      11.9500
      772.439      11.0224
      772.558      10.4184
      772.677      10.2296
      772.796      11.3789
      772.915      12.5283
      773.034      12.0484
      773.153      11.8344
      773.272      11.8865
      773.391      11.3813
      773.510      11.4999
      773.629      11.0027
      773.748      11.4876
      773.867      12.0309
      773.986      10.3011
      774.105      9.95321
      774.224      9.79681
      774.343      9.28206
      774.462      9.67549
      774.581      9.26055
      774.700      10.4628
      774.818      10.8734
      774.938      9.60774
      775.056      9.25086
      775.175      9.49456
      775.294      8.26967
      775.413      8.75532
      775.532      8.63175
      775.651      9.74387
      775.770      10.3887
      775.889      9.48026
      776.008      9.63243
      776.127      10.1607
      776.246      10.1793
      776.365      9.88865
      776.484      9.69819
      776.603      10.8958
      776.722      12.4116
      776.841      11.5523
      776.960      11.4457
      777.079      10.8453
      777.198      10.4121
      777.317      10.5228
      777.436      10.0140
      777.555      11.2218
      777.674      10.9726
      777.792      9.81018
      777.911      9.43495
      778.030      9.81383
      778.149      9.46360
      778.268      10.1193
      778.387      9.58452
      778.506      10.0476
      778.625      11.3665
      778.744      9.81641
      778.863      9.42383
      778.982      9.84525
      779.101      9.52808
      779.220      9.39551
      779.339      8.54068
      779.458      10.0122
      779.577      10.4005
      779.696      9.99911
      779.815      10.0682
      779.934      10.4402
      780.053      10.0303
      780.172      11.3611
      780.291      11.7167
      780.410      12.4763
      780.529      12.9249
      780.648      11.8587
      780.766      11.2045
      780.885      10.8953
      781.004      9.86168
      781.123      10.4281
      781.242      9.60458
      781.361      9.80039
      781.480      10.0216
      781.599      9.13002
      781.718      8.98857
      781.837      8.74585
      781.956      8.46085
      782.075      9.41602
      782.194      9.13104
      782.313      9.96858
      782.432      12.1910
      782.551      11.3491
      782.670      11.2586
      782.789      11.4637
      782.908      11.0098
      783.027      11.2571
      783.146      11.2003
      783.265      11.8621
      783.384      12.3299
      783.503      11.5801
      783.622      10.7030
      783.740      10.8071
      783.859      9.84474
