      367.619    0.0840971
      367.738    0.0751937
      367.857    0.0761016
      367.976    0.0697387
      368.094    0.0777482
      368.213    0.0728147
      368.332    0.0828752
      368.451    0.0880708
      368.570    0.0811843
      368.689    0.0774624
      368.808    0.0830818
      368.927    0.0747275
      369.046    0.0728043
      369.165    0.0684981
      369.284    0.0780089
      369.403    0.0847513
      369.522    0.0780634
      369.641    0.0722461
      369.760    0.0769278
      369.879    0.0710607
      369.998    0.0749286
      370.117    0.0672289
      370.236    0.0785508
      370.355    0.0850584
      370.474    0.0818980
      370.593    0.0756635
      370.712    0.0772021
      370.831    0.0741015
      370.950    0.0759631
      371.068    0.0776077
      371.187    0.0828071
      371.306    0.0832634
      371.425    0.0712827
      371.544    0.0688902
      371.663    0.0746772
      371.782    0.0687355
      371.901    0.0741422
      372.020    0.0706771
      372.139    0.0757034
      372.258    0.0802966
      372.377    0.0767792
      372.496    0.0683097
      372.615    0.0692382
      372.734    0.0669435
      372.853    0.0725473
      372.972    0.0700911
      373.091    0.0751068
      373.210    0.0802861
      373.329    0.0756247
      373.448    0.0713378
      373.567    0.0700624
      373.686    0.0719081
      373.805    0.0717628
      373.924    0.0701097
      374.042    0.0754038
      374.161    0.0775218
      374.280    0.0744678
      374.399    0.0729755
      374.518    0.0740702
      374.637    0.0717144
      374.756    0.0719463
      374.875    0.0673772
      374.994    0.0722485
      375.113    0.0758268
      375.232    0.0692582
      375.351    0.0607968
      375.470    0.0657791
      375.589    0.0634712
      375.708    0.0698611
      375.827    0.0677692
      375.946    0.0708762
      376.065    0.0798959
      376.184    0.0681422
      376.303    0.0702388
      376.422    0.0730422
      376.541    0.0710778
      376.660    0.0768685
      376.779    0.0734927
      376.898    0.0794000
      377.016    0.0814015
      377.135    0.0744884
      377.254    0.0745854
      377.373    0.0762610
      377.492    0.0747251
      377.611    0.0784735
      377.730    0.0716481
      377.849    0.0730530
      377.968    0.0711842
      378.087    0.0710066
      378.206    0.0731241
      378.325    0.0722911
      378.444    0.0650556
      378.563    0.0683777
      378.682    0.0599265
      378.801    0.0691689
      378.920    0.0717862
      379.039    0.0719921
      379.158    0.0718140
      379.277    0.0792716
      379.396    0.0737657
      379.515    0.0763331
      379.634    0.0715295
      379.753    0.0771806
      379.872    0.0836086
      379.990    0.0703702
      380.109    0.0673182
      380.228    0.0719857
      380.347    0.0708078
      380.466    0.0779114
      380.585    0.0698850
      380.704    0.0708047
      380.823    0.0770342
      380.942    0.0676672
      381.061    0.0696943
      381.180    0.0712250
      381.299    0.0640020
      381.418    0.0604308
      381.537    0.0593521
      381.656    0.0671518
      381.775    0.0679633
      381.894    0.0653867
      382.013    0.0674765
      382.132    0.0684562
      382.251    0.0680459
      382.370    0.0700846
      382.489    0.0651634
      382.608    0.0695987
      382.727    0.0735926
      382.846    0.0664345
      382.964    0.0660619
      383.083    0.0673375
      383.202    0.0626441
      383.321    0.0626370
      383.440    0.0623511
      383.559    0.0717123
      383.678    0.0713696
      383.797    0.0721421
      383.916    0.0697926
      384.035    0.0739093
      384.154    0.0717831
      384.273    0.0721094
      384.392    0.0678108
      384.511    0.0719816
      384.630    0.0801067
      384.749    0.0742490
      384.868    0.0711217
      384.987    0.0711137
      385.106    0.0696022
      385.225    0.0699840
      385.344    0.0684174
      385.463    0.0708588
      385.582    0.0774182
      385.701    0.0706201
      385.820    0.0693880
      385.938    0.0658193
      386.057    0.0611388
      386.176    0.0621332
      386.295    0.0628492
      386.414    0.0670686
      386.533    0.0730540
      386.652    0.0658087
      386.771    0.0636796
      386.890    0.0629947
      387.009    0.0603764
      387.128    0.0636180
      387.247    0.0612809
      387.366    0.0685906
      387.485    0.0713157
      387.604    0.0624373
      387.723    0.0635712
      387.842    0.0651411
      387.961    0.0670359
      388.080    0.0655894
      388.199    0.0647472
      388.318    0.0717658
      388.437    0.0765875
      388.556    0.0730675
      388.675    0.0696646
      388.794    0.0730052
      388.912    0.0685251
      389.031    0.0698542
      389.150    0.0648469
      389.269    0.0693671
      389.388    0.0737147
      389.507    0.0710938
      389.626    0.0692333
      389.745    0.0695836
      389.864    0.0694493
      389.983    0.0744343
      390.102    0.0748859
      390.221    0.0799801
      390.340    0.0820129
      390.459    0.0780859
      390.578    0.0785236
      390.697    0.0794876
      390.816    0.0783381
      390.935    0.0805072
      391.054    0.0816162
      391.173    0.0825628
      391.292    0.0801645
      391.411    0.0771534
      391.530    0.0761826
      391.649    0.0772887
      391.768    0.0720334
      391.886    0.0769071
      392.005    0.0705475
      392.124    0.0733492
      392.243    0.0684109
      392.362    0.0626801
      392.481    0.0631383
      392.600    0.0691816
      392.719    0.0696725
      392.838    0.0748619
      392.957    0.0747316
      393.076    0.0781736
      393.195    0.0837568
      393.314    0.0751454
      393.433    0.0673243
      393.552    0.0726146
      393.671    0.0649563
      393.790    0.0734597
      393.909    0.0688079
      394.028    0.0738509
      394.147    0.0722611
      394.266    0.0696119
      394.385    0.0682431
      394.504    0.0715236
      394.623    0.0627904
      394.742    0.0625644
      394.860    0.0589936
      394.979    0.0676907
      395.098    0.0736677
      395.217    0.0626225
      395.336    0.0560384
      395.455    0.0592694
      395.574    0.0571426
      395.693    0.0613731
      395.812    0.0579060
      395.931    0.0674304
      396.050    0.0726890
      396.169    0.0673330
      396.288    0.0640306
      396.407    0.0656382
      396.526    0.0680088
      396.645    0.0708170
      396.764    0.0703959
      396.883    0.0675445
      397.002    0.0702258
      397.121    0.0624852
      397.240    0.0628242
      397.359    0.0648917
      397.478    0.0623007
      397.597    0.0623722
      397.716    0.0624431
      397.834    0.0630382
      397.953    0.0628449
      398.072    0.0612212
      398.191    0.0626787
      398.310    0.0618859
      398.429    0.0626865
      398.548    0.0687821
      398.667    0.0663571
      398.786    0.0688300
      398.905    0.0690440
      399.024    0.0585562
      399.143    0.0559936
      399.262    0.0609775
      399.381    0.0630919
      399.500    0.0677656
      399.619    0.0655377
      399.738    0.0697983
      399.857    0.0725910
      399.976    0.0659076
      400.095    0.0601686
      400.214    0.0621933
      400.333    0.0551707
      400.452    0.0532832
      400.571    0.0507094
      400.690    0.0549003
      400.808    0.0580672
      400.927    0.0520778
      401.046    0.0549961
      401.165    0.0577394
      401.284    0.0533047
      401.403    0.0567083
      401.522    0.0517500
      401.641    0.0560810
      401.760    0.0570224
      401.879    0.0582708
      401.998    0.0577219
      402.117    0.0607083
      402.236    0.0617429
      402.355    0.0669412
      402.474    0.0638338
      402.593    0.0665026
      402.712    0.0682763
      402.831    0.0565976
      402.950    0.0519134
      403.069    0.0513567
      403.188    0.0467873
      403.307    0.0543708
      403.426    0.0510234
      403.545    0.0540079
      403.664    0.0594131
      403.782    0.0551069
      403.901    0.0557454
      404.020    0.0605245
      404.139    0.0586880
      404.258    0.0619010
      404.377    0.0578088
      404.496    0.0614203
      404.615    0.0670518
      404.734    0.0600577
      404.853    0.0587168
      404.972    0.0567550
      405.091    0.0538447
      405.210    0.0573567
      405.329    0.0534660
      405.448    0.0590510
      405.567    0.0615182
      405.686    0.0581122
      405.805    0.0563170
      405.924    0.0601214
      406.043    0.0583285
      406.162    0.0650527
      406.281    0.0643790
      406.400    0.0657659
      406.519    0.0681223
      406.638    0.0641342
      406.756    0.0600498
      406.875    0.0654204
      406.994    0.0669033
      407.113    0.0718547
      407.232    0.0717509
      407.351    0.0747890
      407.470    0.0790660
      407.589    0.0745477
      407.708    0.0736492
      407.827    0.0719335
      407.946    0.0701843
      408.065    0.0719195
      408.184    0.0650231
      408.303    0.0740704
      408.422    0.0746297
      408.541    0.0762163
      408.660    0.0798205
      408.779    0.0827477
      408.898    0.0849283
      409.017    0.0841002
      409.136    0.0846869
      409.255    0.0839660
      409.374    0.0910832
      409.493    0.0827030
      409.611    0.0869211
      409.730    0.0892313
      409.849    0.0901299
      409.968    0.0947939
      410.087    0.0962511
      410.206    0.0991481
      410.325     0.107488
      410.444     0.105002
      410.563     0.110767
      410.682     0.116104
      410.801     0.119858
      410.920     0.127706
      411.039     0.132580
      411.158     0.139074
      411.277     0.146827
      411.396     0.138686
      411.515     0.141572
      411.634     0.149147
      411.753     0.155145
      411.872     0.162086
      411.991     0.168081
      412.110     0.177991
      412.229     0.188773
      412.348     0.189761
      412.467     0.192288
      412.585     0.198239
      412.704     0.205552
      412.823     0.211885
      412.942     0.218355
      413.061     0.222763
      413.180     0.238941
      413.299     0.241075
      413.418     0.249808
      413.537     0.254767
      413.656     0.272399
      413.775     0.274282
      413.894     0.278224
      414.013     0.284678
      414.132     0.300203
      414.251     0.302639
      414.370     0.321681
      414.489     0.329625
      414.608     0.351760
      414.727     0.358340
      414.846     0.369668
      414.965     0.376078
      415.084     0.395510
      415.203     0.389009
      415.322     0.404085
      415.441     0.407361
      415.559     0.430548
      415.678     0.436205
      415.797     0.446441
      415.916     0.454829
      416.035     0.474123
      416.154     0.471716
      416.273     0.492942
      416.392     0.494768
      416.511     0.514081
      416.630     0.519934
      416.749     0.536563
      416.868     0.538397
      416.987     0.556960
      417.106     0.551378
      417.225     0.570053
      417.344     0.574030
      417.463     0.597301
      417.582     0.596170
      417.701     0.612588
      417.820     0.618746
      417.939     0.641864
      418.058     0.642937
      418.177     0.658650
      418.296     0.658944
      418.415     0.672081
      418.533     0.679543
      418.652     0.690278
      418.771     0.701444
      418.890     0.727104
      419.009     0.716245
      419.128     0.729830
      419.247     0.730966
      419.366     0.743690
      419.485     0.740816
      419.604     0.752534
      419.723     0.755304
      419.842     0.778046
      419.961     0.770841
      420.080     0.786336
      420.199     0.785735
      420.318     0.793722
      420.437     0.794857
      420.556     0.808551
      420.675     0.815957
      420.794     0.839693
      420.913     0.831853
      421.032     0.839209
      421.151     0.841750
      421.270     0.850856
      421.389     0.855675
      421.507     0.861777
      421.626     0.868781
      421.745     0.891979
      421.864     0.891625
      421.983     0.909064
      422.102     0.911747
      422.221     0.924800
      422.340     0.926034
      422.459     0.944820
      422.578     0.949066
      422.697     0.966995
      422.816     0.967721
      422.935     0.975564
      423.054     0.981019
      423.173     0.990526
      423.292     0.992522
      423.411      1.00000
      423.530      1.00273
      423.649      1.01794
      423.768      1.00502
      423.887      1.01537
      424.006      1.01713
      424.125      1.03092
      424.244      1.03514
      424.363      1.05371
      424.481      1.05702
      424.600      1.07804
      424.719      1.07075
      424.838      1.08682
      424.957      1.09023
      425.076      1.09897
      425.195      1.10106
      425.314      1.11144
      425.433      1.12274
      425.552      1.13537
      425.671      1.13365
      425.790      1.14463
      425.909      1.14294
      426.028      1.15155
      426.147      1.15591
      426.266      1.15825
      426.385      1.16350
      426.504      1.17978
      426.623      1.17374
      426.742      1.17801
      426.861      1.18007
      426.980      1.18745
      427.099      1.19406
      427.218      1.20511
      427.337      1.20544
      427.455      1.22353
      427.574      1.22470
      427.693      1.23589
      427.812      1.23631
      427.931      1.24266
      428.050      1.24559
      428.169      1.25235
      428.288      1.25759
      428.407      1.28050
      428.526      1.27757
      428.645      1.28144
      428.764      1.28616
      428.883      1.28759
      429.002      1.28799
      429.121      1.29599
      429.240      1.30102
      429.359      1.31732
      429.478      1.31262
      429.597      1.31586
      429.716      1.31811
      429.835      1.32375
      429.954      1.32233
      430.073      1.32669
      430.192      1.32773
      430.311      1.34663
      430.429      1.33768
      430.548      1.34076
      430.667      1.34463
      430.786      1.35195
      430.905      1.35466
      431.024      1.35820
      431.143      1.36261
      431.262      1.36919
      431.381      1.35862
      431.500      1.35686
      431.619      1.35916
      431.738      1.36356
      431.857      1.35848
      431.976      1.35220
      432.095      1.34932
      432.214      1.35491
      432.333      1.34588
      432.452      1.34273
      432.571      1.33985
      432.690      1.33989
      432.809      1.33849
      432.928      1.33856
      433.047      1.34187
      433.166      1.34745
      433.285      1.33954
      433.403      1.32917
      433.522      1.32833
      433.641      1.32453
      433.760      1.33000
      433.879      1.32446
      433.998      1.32355
      434.117      1.33476
      434.236      1.31837
      434.355      1.31240
      434.474      1.31297
      434.593      1.31208
      434.712      1.31062
      434.831      1.31104
      434.950      1.31319
      435.069      1.32714
      435.188      1.31712
      435.307      1.32481
      435.426      1.32009
      435.545      1.32186
      435.664      1.32171
      435.783      1.32213
      435.902      1.32241
      436.021      1.33989
      436.140      1.33443
      436.259      1.34061
      436.377      1.34437
      436.496      1.34663
      436.615      1.34607
      436.734      1.35171
      436.853      1.35378
      436.972      1.36515
      437.091      1.35927
      437.210      1.36682
      437.329      1.37033
      437.448      1.37595
      437.567      1.37427
      437.686      1.38148
      437.805      1.38751
      437.924      1.40637
      438.043      1.40690
      438.162      1.42187
      438.281      1.41501
      438.400      1.42675
      438.519      1.42586
      438.638      1.43890
      438.757      1.44252
      438.876      1.46814
      438.995      1.46184
      439.114      1.47594
      439.233      1.47435
      439.351      1.48241
      439.470      1.48229
      439.589      1.49670
      439.708      1.50650
      439.827      1.52388
      439.946      1.51837
      440.065      1.52697
      440.184      1.52758
      440.303      1.54296
      440.422      1.54947
      440.541      1.55474
      440.660      1.55184
      440.779      1.56319
      440.898      1.56118
      441.017      1.57537
      441.136      1.56924
      441.255      1.57768
      441.374      1.57723
      441.493      1.58429
      441.612      1.58478
      441.731      1.59944
      441.850      1.59369
      441.969      1.60485
      442.088      1.60092
      442.207      1.60760
      442.325      1.61029
      442.444      1.62068
      442.563      1.62028
      442.682      1.62974
      442.801      1.62607
      442.920      1.63348
      443.039      1.63120
      443.158      1.64127
      443.277      1.64091
      443.396      1.64398
      443.515      1.64786
      443.634      1.65825
      443.753      1.64853
      443.872      1.65536
      443.991      1.65861
      444.110      1.66710
      444.229      1.66290
      444.348      1.66553
      444.467      1.66464
      444.586      1.67776
      444.705      1.67676
      444.824      1.69018
      444.943      1.69184
      445.062      1.69659
      445.181      1.68891
      445.299      1.69073
      445.418      1.69173
      445.537      1.69962
      445.656      1.68919
      445.775      1.69166
      445.894      1.69178
      446.013      1.69963
      446.132      1.70391
      446.251      1.71199
      446.370      1.71642
      446.489      1.72935
      446.608      1.71929
      446.727      1.72219
      446.846      1.71875
      446.965      1.73083
      447.084      1.72971
      447.203      1.73806
      447.322      1.73601
      447.441      1.74199
      447.560      1.73760
      447.679      1.74458
      447.798      1.75035
      447.917      1.75070
      448.036      1.75176
      448.155      1.75088
      448.273      1.74893
      448.392      1.75489
      448.511      1.75480
      448.630      1.76521
      448.749      1.76955
      448.868      1.77902
      448.987      1.77513
      449.106      1.77610
      449.225      1.77508
      449.344      1.78892
      449.463      1.78568
      449.582      1.78697
      449.701      1.78464
      449.820      1.79081
      449.939      1.79559
      450.058      1.79794
      450.177      1.79594
      450.296      1.80513
      450.415      1.80157
      450.534      1.81513
      450.653      1.80736
      450.772      1.80603
      450.891      1.80465
      451.010      1.80342
      451.129      1.80276
      451.247      1.81849
      451.366      1.81427
      451.485      1.81744
      451.604      1.81674
      451.723      1.82334
      451.842      1.81903
      451.961      1.82014
      452.080      1.82703
      452.199      1.84733
      452.318      1.84437
      452.437      1.84421
      452.556      1.84092
      452.675      1.84676
      452.794      1.85071
      452.913      1.85384
      453.032      1.85760
      453.151      1.86618
      453.270      1.86331
      453.389      1.86872
      453.508      1.86513
      453.627      1.87105
      453.746      1.87272
      453.865      1.88540
      453.984      1.89045
      454.103      1.90366
      454.221      1.90233
      454.340      1.91291
      454.459      1.91197
      454.578      1.91733
      454.697      1.92252
      454.816      1.92854
      454.935      1.93441
      455.054      1.94571
      455.173      1.94097
      455.292      1.94662
      455.411      1.94347
      455.530      1.95906
      455.649      1.96345
      455.768      1.97745
      455.887      1.97474
      456.006      1.98723
      456.125      1.97710
      456.244      1.98300
      456.363      1.98524
      456.482      1.99621
      456.601      1.99761
      456.720      1.99929
      456.839      2.00333
      456.958      2.01590
      457.077      2.02030
      457.195      2.03102
      457.314      2.03608
      457.433      2.03503
      457.552      2.03937
      457.671      2.03997
      457.790      2.04228
      457.909      2.04633
      458.028      2.03554
      458.147      2.03330
      458.266      2.03181
      458.385      2.03460
      458.504      2.04094
      458.623      2.04799
      458.742      2.04942
      458.861      2.05921
      458.980      2.05494
      459.099      2.05699
      459.218      2.05833
      459.337      2.05582
      459.456      2.05674
      459.575      2.05581
      459.694      2.05935
      459.813      2.07119
      459.932      2.06755
      460.051      2.08014
      460.169      2.08582
      460.288      2.08224
      460.407      2.08079
      460.526      2.08085
      460.645      2.08386
      460.764      2.09515
      460.883      2.09146
      461.002      2.09549
      461.121      2.09469
      461.240      2.09294
      461.359      2.09130
      461.478      2.09041
      461.597      2.08893
      461.716      2.09561
      461.835      2.08878
      461.954      2.09526
      462.073      2.10227
      462.192      2.11039
      462.311      2.11427
      462.430      2.11198
      462.549      2.10886
      462.668      2.11590
      462.787      2.11185
      462.906      2.11538
      463.025      2.11091
      463.143      2.11468
      463.262      2.12125
      463.381      2.12436
      463.500      2.12326
      463.619      2.13605
      463.738      2.13479
      463.857      2.13868
      463.976      2.13937
      464.095      2.13414
      464.214      2.13146
      464.333      2.13325
      464.452      2.14186
      464.571      2.15525
      464.690      2.15753
      464.809      2.16020
      464.928      2.16675
      465.047      2.16894
      465.166      2.16703
      465.285      2.16683
      465.404      2.16615
      465.523      2.17079
      465.642      2.16619
      465.761      2.17443
      465.880      2.18228
      465.999      2.18606
      466.117      2.18933
      466.236      2.19155
      466.355      2.19025
      466.474      2.19451
      466.593      2.18580
      466.712      2.19480
      466.831      2.19334
      466.950      2.20273
      467.069      2.20487
      467.188      2.20836
      467.307      2.21130
      467.426      2.21763
      467.545      2.21481
      467.664      2.22525
      467.783      2.23461
      467.902      2.23728
      468.021      2.23716
      468.140      2.23822
      468.259      2.24491
      468.378      2.25403
      468.497      2.25329
      468.616      2.25605
      468.735      2.26526
      468.854      2.27244
      468.973      2.27674
      469.091      2.27776
      469.210      2.27435
      469.329      2.27996
      469.448      2.27880
      469.567      2.28931
      469.686      2.29175
      469.805      2.29707
      469.924      2.29542
      470.043      2.29642
      470.162      2.29511
      470.281      2.30424
      470.400      2.30524
      470.519      2.32050
      470.638      2.32645
      470.757      2.33188
      470.876      2.33179
      470.995      2.33048
      471.114      2.33157
      471.233      2.33692
      471.352      2.33431
      471.471      2.33951
      471.590      2.34147
      471.709      2.34637
      471.828      2.34986
      471.947      2.34917
      472.065      2.35029
      472.184      2.35792
      472.303      2.35111
      472.422      2.35658
      472.541      2.35776
      472.660      2.36059
      472.779      2.36302
      472.898      2.37221
      473.017      2.37549
      473.136      2.38393
      473.255      2.38108
      473.374      2.38649
      473.493      2.38772
      473.612      2.38671
      473.731      2.39236
      473.850      2.38468
      473.969      2.39288
      474.088      2.39975
      474.207      2.39994
      474.326      2.40030
      474.445      2.39798
      474.564      2.40535
      474.683      2.41125
      474.802      2.41055
      474.921      2.41861
      475.039      2.42661
      475.158      2.41471
      475.277      2.41608
      475.396      2.41433
      475.515      2.41663
      475.634      2.41869
      475.753      2.42496
      475.872      2.43231
      475.991      2.43899
      476.110      2.43310
      476.229      2.43925
      476.348      2.44441
      476.467      2.45380
      476.586      2.45638
      476.705      2.45559
      476.824      2.46048
      476.943      2.46637
      477.062      2.46026
      477.181      2.46545
      477.300      2.47263
      477.419      2.48231
      477.538      2.48685
      477.657      2.48281
      477.776      2.48521
      477.895      2.49228
      478.013      2.49140
      478.132      2.48630
      478.251      2.48542
      478.370      2.48863
      478.489      2.49200
      478.608      2.49142
      478.727      2.49591
      478.846      2.50641
      478.965      2.50182
      479.084      2.50595
      479.203      2.50731
      479.322      2.50933
      479.441      2.50906
      479.560      2.50733
      479.679      2.50960
      479.798      2.51884
      479.917      2.51830
      480.036      2.52563
      480.155      2.53252
      480.274      2.54193
      480.393      2.54995
      480.512      2.55539
      480.631      2.56622
      480.750      2.56958
      480.868      2.56052
      480.987      2.56172
      481.106      2.56843
      481.225      2.57113
      481.344      2.57633
      481.463      2.58106
      481.582      2.58912
      481.701      2.59268
      481.820      2.59282
      481.939      2.58940
      482.058      2.58609
      482.177      2.58281
      482.296      2.58747
      482.415      2.59095
      482.534      2.59192
      482.653      2.60388
      482.772      2.59727
      482.891      2.59554
      483.010      2.59560
      483.129      2.59857
      483.248      2.59860
      483.367      2.59709
      483.486      2.60271
      483.605      2.61949
      483.724      2.61781
      483.842      2.61957
      483.961      2.62047
      484.080      2.61724
      484.199      2.61009
      484.318      2.60513
      484.437      2.60760
      484.556      2.61832
      484.675      2.61879
      484.794      2.61171
      484.913      2.60461
      485.032      2.60270
      485.151      2.60231
      485.270      2.60185
      485.389      2.60731
      485.508      2.61737
      485.627      2.61704
      485.746      2.61390
      485.865      2.61658
      485.984      2.60572
      486.103      2.60070
      486.222      2.59210
      486.341      2.59633
      486.460      2.60334
      486.579      2.60568
      486.698      2.60149
      486.816      2.59845
      486.935      2.58789
      487.054      2.59076
      487.173      2.59373
      487.292      2.60188
      487.411      2.60273
      487.530      2.59278
      487.649      2.57776
      487.768      2.57235
      487.887      2.56372
      488.006      2.57122
      488.125      2.57008
      488.244      2.57381
      488.363      2.56928
      488.482      2.56212
      488.601      2.55385
      488.720      2.55937
      488.839      2.55718
      488.958      2.55417
      489.077      2.54790
      489.196      2.54161
      489.315      2.53324
      489.434      2.52643
      489.553      2.52656
      489.672      2.52398
      489.790      2.51853
      489.909      2.51796
      490.028      2.51460
      490.147      2.51359
      490.266      2.50891
      490.385      2.50056
      490.504      2.49167
      490.623      2.49010
      490.742      2.47800
      490.861      2.47840
      490.980      2.47396
      491.099      2.47320
      491.218      2.46477
      491.337      2.45631
      491.456      2.45036
      491.575      2.44777
      491.694      2.44198
      491.813      2.44824
      491.932      2.43419
      492.051      2.42568
      492.170      2.41004
      492.289      2.39666
      492.408      2.38494
      492.527      2.37882
      492.646      2.36073
      492.764      2.36181
      492.883      2.35384
      493.002      2.35372
      493.121      2.35219
      493.240      2.34042
      493.359      2.32780
      493.478      2.32699
      493.597      2.31905
      493.716      2.31922
      493.835      2.30874
      493.954      2.31001
      494.073      2.30854
      494.192      2.30277
      494.311      2.29804
      494.430      2.29595
      494.549      2.28989
      494.668      2.28815
      494.787      2.27757
      494.906      2.27652
      495.025      2.27339
      495.144      2.26894
      495.263      2.26308
      495.382      2.26245
      495.501      2.26291
      495.620      2.26840
      495.738      2.27043
      495.857      2.28144
      495.976      2.28124
      496.095      2.27316
      496.214      2.27243
      496.333      2.27122
      496.452      2.27265
      496.571      2.27374
      496.690      2.26924
      496.809      2.26872
      496.928      2.27999
      497.047      2.28001
      497.166      2.28556
      497.285      2.28988
      497.404      2.28359
      497.523      2.27968
      497.642      2.27222
      497.761      2.27438
      497.880      2.27327
      497.999      2.27332
      498.118      2.27007
      498.237      2.27496
      498.356      2.27049
      498.475      2.27808
      498.594      2.27549
      498.712      2.27074
      498.831      2.26571
      498.950      2.26522
      499.069      2.26113
      499.188      2.26206
      499.307      2.25149
      499.426      2.25603
      499.545      2.25086
      499.664      2.25556
      499.783      2.24823
      499.902      2.23784
      500.021      2.22966
      500.140      2.22691
      500.259      2.22447
      500.378      2.22886
      500.497      2.22554
      500.616      2.22719
      500.735      2.22605
      500.854      2.21902
      500.973      2.22199
      501.092      2.22666
      501.211      2.22061
      501.330      2.22097
      501.449      2.20344
      501.568      2.19801
      501.686      2.19193
      501.805      2.18565
      501.924      2.17746
      502.043      2.17958
      502.162      2.18104
      502.281      2.18898
      502.400      2.18803
      502.519      2.18853
      502.638      2.18468
      502.757      2.17505
      502.876      2.16295
      502.995      2.16083
      503.114      2.14861
      503.233      2.15033
      503.352      2.13697
      503.471      2.13576
      503.590      2.13609
      503.709      2.13457
      503.828      2.12347
      503.947      2.12021
      504.066      2.10126
      504.185      2.10862
      504.304      2.10476
      504.423      2.10540
      504.542      2.09792
      504.660      2.09163
      504.779      2.08707
      504.898      2.08585
      505.017      2.07388
      505.136      2.07210
      505.255      2.06059
      505.374      2.06392
      505.493      2.05879
      505.612      2.05242
      505.731      2.04306
      505.850      2.04607
      505.969      2.03855
      506.088      2.04716
      506.207      2.04810
      506.326      2.04692
      506.445      2.03275
      506.564      2.02111
      506.683      2.00250
      506.802      1.99552
      506.921      1.97727
      507.040      1.97626
      507.159      1.96753
      507.278      1.97237
      507.397      1.96189
      507.516      1.95378
      507.634      1.93302
      507.753      1.92800
      507.872      1.90741
      507.991      1.91101
      508.110      1.90138
      508.229      1.90441
      508.348      1.89906
      508.467      1.89762
      508.586      1.88359
      508.705      1.88385
      508.824      1.86588
      508.943      1.87154
      509.062      1.85123
      509.181      1.85699
      509.300      1.84636
      509.419      1.84195
      509.538      1.83817
      509.657      1.84531
      509.776      1.83835
      509.895      1.84464
      510.014      1.83091
      510.133      1.82731
      510.252      1.81529
      510.371      1.80354
      510.490      1.79203
      510.608      1.78825
      510.727      1.77920
      510.846      1.78261
      510.965      1.77318
      511.084      1.76929
      511.203      1.75989
      511.322      1.75875
      511.441      1.75898
      511.560      1.75999
      511.679      1.74986
      511.798      1.74794
      511.917      1.74740
      512.036      1.75614
      512.155      1.76062
      512.274      1.75442
      512.393      1.75176
      512.512      1.75264
      512.631      1.75251
      512.750      1.76012
      512.869      1.75743
      512.988      1.76022
      513.107      1.75166
      513.226      1.74361
      513.345      1.73114
      513.464      1.73318
      513.582      1.72983
      513.701      1.73452
      513.820      1.73621
      513.939      1.74136
      514.058      1.74794
      514.177      1.74634
      514.296      1.74366
      514.415      1.74050
      514.534      1.73413
      514.653      1.73343
      514.772      1.72997
      514.891      1.73585
      515.010      1.73368
      515.129      1.72818
      515.248      1.72776
      515.367      1.73576
      515.486      1.72358
      515.605      1.72534
      515.724      1.72255
      515.843      1.72819
      515.962      1.73421
      516.081      1.73289
      516.200      1.72883
      516.319      1.72665
      516.438      1.71354
      516.556      1.71556
      516.675      1.70707
      516.794      1.71548
      516.913      1.71598
      517.032      1.70389
      517.151      1.69363
      517.270      1.69099
      517.389      1.68493
      517.508      1.68477
      517.627      1.68200
      517.746      1.68201
      517.865      1.68230
      517.984      1.67953
      518.103      1.67060
      518.222      1.67099
      518.341      1.67449
      518.460      1.68493
      518.579      1.68043
      518.698      1.68145
      518.817      1.67855
      518.936      1.67150
      519.055      1.66458
      519.174      1.66233
      519.293      1.65926
      519.411      1.65462
      519.530      1.64398
      519.649      1.63960
      519.768      1.63872
      519.887      1.62845
      520.006      1.61763
      520.125      1.61510
      520.244      1.61424
      520.363      1.61893
      520.482      1.61986
      520.601      1.62445
      520.720      1.62176
      520.839      1.60216
      520.958      1.59367
      521.077      1.60029
      521.196      1.59874
      521.315      1.59762
      521.434      1.59849
      521.553      1.60487
      521.672      1.60917
      521.791      1.60078
      521.910      1.59187
      522.029      1.58571
      522.148      1.57336
      522.267      1.56990
      522.385      1.56367
      522.504      1.56794
      522.623      1.57672
      522.742      1.57307
      522.861      1.58055
      522.980      1.58747
      523.099      1.58014
      523.218      1.57396
      523.337      1.56559
      523.456      1.56260
      523.575      1.56760
      523.694      1.55899
      523.813      1.56058
      523.932      1.56139
      524.051      1.54930
      524.170      1.53931
      524.289      1.53139
      524.408      1.54311
      524.527      1.54642
      524.646      1.53634
      524.765      1.52976
      524.884      1.52115
      525.003      1.51390
      525.122      1.51592
      525.241      1.51683
      525.359      1.51804
      525.478      1.51798
      525.597      1.50858
      525.716      1.50759
      525.835      1.50934
      525.954      1.50874
      526.073      1.50794
      526.192      1.50188
      526.311      1.49146
      526.430      1.49771
      526.549      1.49508
      526.668      1.50413
      526.787      1.50853
      526.906      1.50480
      527.025      1.49620
      527.144      1.48877
      527.263      1.48805
      527.382      1.49193
      527.501      1.49401
      527.620      1.49216
      527.739      1.49331
      527.858      1.49909
      527.977      1.50455
      528.096      1.50447
      528.215      1.50886
      528.333      1.51232
      528.452      1.50552
      528.571      1.50608
      528.690      1.50442
      528.809      1.49878
      528.928      1.49565
      529.047      1.49548
      529.166      1.51040
      529.285      1.52634
      529.404      1.51438
      529.523      1.50576
      529.642      1.50330
      529.761      1.50069
      529.880      1.49419
      529.999      1.48854
      530.118      1.48487
      530.237      1.48656
      530.356      1.47850
      530.475      1.47946
      530.594      1.48549
      530.713      1.49599
      530.832      1.50077
      530.951      1.50202
      531.070      1.50067
      531.189      1.50595
      531.307      1.50230
      531.426      1.50525
      531.545      1.50534
      531.664      1.50413
      531.783      1.49843
      531.902      1.49443
      532.021      1.49366
      532.140      1.50211
      532.259      1.49993
      532.378      1.50435
      532.497      1.51075
      532.616      1.51059
      532.735      1.50950
      532.854      1.50390
      532.973      1.49817
      533.092      1.49945
      533.211      1.48366
      533.330      1.48177
      533.449      1.48382
      533.568      1.49143
      533.687      1.48795
      533.806      1.48418
      533.925      1.48370
      534.044      1.48453
      534.163      1.48135
      534.281      1.48456
      534.400      1.48137
      534.519      1.47934
      534.638      1.47382
      534.757      1.47975
      534.876      1.48616
      534.995      1.49500
      535.114      1.48244
      535.233      1.47583
      535.352      1.47114
      535.471      1.46693
      535.590      1.45843
      535.709      1.45451
      535.828      1.45781
      535.947      1.46672
      536.066      1.46715
      536.185      1.46534
      536.304      1.46192
      536.423      1.46094
      536.542      1.46034
      536.661      1.46173
      536.780      1.45995
      536.899      1.46649
      537.018      1.45411
      537.137      1.44730
      537.255      1.44497
      537.374      1.45674
      537.493      1.46437
      537.612      1.45786
      537.731      1.46013
      537.850      1.46548
      537.969      1.45977
      538.088      1.45197
      538.207      1.44798
      538.326      1.45118
      538.445      1.45105
      538.564      1.44767
      538.683      1.44269
      538.802      1.45217
      538.921      1.44645
      539.040      1.44651
      539.159      1.44188
      539.278      1.44787
      539.397      1.45136
      539.516      1.45739
      539.635      1.45944
      539.754      1.45297
      539.873      1.44510
      539.992      1.45135
      540.111      1.45202
      540.229      1.45195
      540.348      1.44937
      540.467      1.45090
      540.586      1.45279
      540.705      1.45236
      540.824      1.43338
      540.943      1.43414
      541.062      1.43510
      541.181      1.43466
      541.300      1.43181
      541.419      1.42622
      541.538      1.42089
      541.657      1.42586
      541.776      1.41927
      541.895      1.42199
      542.014      1.41449
      542.133      1.42088
      542.252      1.42385
      542.371      1.42638
      542.490      1.42156
      542.609      1.41951
      542.728      1.40644
      542.847      1.39981
      542.966      1.39663
      543.085      1.39474
      543.203      1.40003
      543.322      1.39875
      543.441      1.39744
      543.560      1.40277
      543.679      1.39710
      543.798      1.39569
      543.917      1.39702
      544.036      1.40067
      544.155      1.39968
      544.274      1.40379
      544.393      1.39806
      544.512      1.40314
      544.631      1.40149
      544.750      1.40509
      544.869      1.39711
      544.988      1.39174
      545.107      1.39277
      545.226      1.40599
      545.345      1.41153
      545.464      1.40752
      545.583      1.39324
      545.702      1.40008
      545.821      1.40565
      545.940      1.40103
      546.059      1.38717
      546.177      1.38131
      546.296      1.37239
      546.415      1.37390
      546.534      1.36149
      546.653      1.36684
      546.772      1.36402
      546.891      1.36843
      547.010      1.36713
      547.129      1.37106
      547.248      1.37496
      547.367      1.37840
      547.486      1.36537
      547.605      1.35748
      547.724      1.35773
      547.843      1.35242
      547.962      1.34976
      548.081      1.34183
      548.200      1.34269
      548.319      1.35125
      548.438      1.34610
      548.557      1.34406
      548.676      1.33704
      548.795      1.33151
      548.914      1.32652
      549.033      1.32412
      549.151      1.32233
      549.270      1.33154
      549.389      1.32387
      549.508      1.32399
      549.627      1.32795
      549.746      1.33470
      549.865      1.33036
      549.984      1.32719
      550.103      1.32478
      550.222      1.33176
      550.341      1.32768
      550.460      1.32667
      550.579      1.32035
      550.698      1.31193
      550.817      1.30762
      550.936      1.31411
      551.055      1.31649
      551.174      1.32047
      551.293      1.30987
      551.412      1.31090
      551.531      1.30738
      551.650      1.30569
      551.769      1.30665
      551.888      1.30881
      552.007      1.31472
      552.125      1.32255
      552.244      1.31814
      552.363      1.31667
      552.482      1.31157
      552.601      1.31270
      552.720      1.30566
      552.839      1.30364
      552.958      1.30411
      553.077      1.31188
      553.196      1.30519
      553.315      1.30171
      553.434      1.29810
      553.553      1.29711
      553.672      1.29275
      553.791      1.29079
      553.910      1.29289
      554.029      1.30349
      554.148      1.29926
      554.267      1.29431
      554.386      1.29014
      554.505      1.29247
      554.624      1.29613
      554.743      1.29667
      554.862      1.29789
      554.981      1.29837
      555.099      1.28839
      555.218      1.29198
      555.337      1.28516
      555.456      1.28273
      555.575      1.28108
      555.694      1.28054
      555.813      1.27651
      555.932      1.28085
      556.051      1.27386
      556.170      1.27276
      556.289      1.26883
      556.408      1.26323
      556.527      1.25409
      556.646      1.25693
      556.765      1.25749
      556.884      1.26417
      557.003      1.25554
      557.122      1.25760
      557.241      1.25001
      557.360      1.24757
      557.479      1.25341
      557.598      1.25012
      557.717      1.25172
      557.836      1.24964
      557.955      1.24546
      558.073      1.25020
      558.192      1.25131
      558.311      1.25429
      558.430      1.24717
      558.549      1.23936
      558.668      1.23221
      558.787      1.23466
      558.906      1.23139
      559.025      1.23734
      559.144      1.23508
      559.263      1.23077
      559.382      1.22926
      559.501      1.23403
      559.620      1.23779
      559.739      1.24593
      559.858      1.23266
      559.977      1.23338
      560.096      1.23324
      560.215      1.23092
      560.334      1.23043
      560.453      1.22513
      560.572      1.21773
      560.691      1.21767
      560.810      1.20824
      560.929      1.20644
      561.047      1.20107
      561.166      1.19795
      561.285      1.19055
      561.404      1.18681
      561.523      1.17793
      561.642      1.18405
      561.761      1.17432
      561.880      1.17841
      561.999      1.17280
      562.118      1.16667
      562.237      1.16605
      562.356      1.16965
      562.475      1.16915
      562.594      1.17397
      562.713      1.16499
      562.832      1.15686
      562.951      1.15358
      563.070      1.15810
      563.189      1.15698
      563.308      1.15757
      563.427      1.15210
      563.546      1.14616
      563.665      1.13836
      563.784      1.13534
      563.903      1.12898
      564.021      1.12495
      564.140      1.12131
      564.259      1.12032
      564.378      1.11645
      564.497      1.11697
      564.616      1.10389
      564.735      1.09818
      564.854      1.09382
      564.973      1.09581
      565.092      1.09823
      565.211      1.09833
      565.330      1.09580
      565.449      1.10160
      565.568      1.08838
      565.687      1.08280
      565.806      1.07457
      565.925      1.07552
      566.044      1.07447
      566.163      1.06542
      566.282      1.06352
      566.401      1.06365
      566.520      1.05244
      566.639      1.05421
      566.758      1.05548
      566.877      1.05941
      566.995      1.05813
      567.114      1.06321
      567.233      1.06216
      567.352      1.06386
      567.471      1.05279
      567.590      1.04591
      567.709      1.04735
      567.828      1.04532
      567.947      1.04053
      568.066      1.04387
      568.185      1.04243
      568.304      1.04544
      568.423      1.02962
      568.542      1.02254
      568.661      1.02304
      568.780      1.02739
      568.899      1.02755
      569.018      1.02952
      569.137      1.02113
      569.256      1.02092
      569.375      1.00846
      569.494      1.00652
      569.613      1.00948
      569.732      1.01193
      569.851      1.00766
      569.969      1.00696
      570.088     0.998071
      570.207      1.00235
      570.326     0.995231
      570.445     0.990964
      570.564     0.993537
      570.683     0.993656
      570.802     0.994527
      570.921     0.986890
      571.040     0.984293
      571.159     0.989189
      571.278     0.981651
      571.397     0.982556
      571.516     0.975706
      571.635     0.970983
      571.754     0.967373
      571.873     0.970502
      571.992     0.972683
      572.111     0.971102
      572.230     0.959838
      572.349     0.956655
      572.468     0.952294
      572.587     0.954379
      572.706     0.954794
      572.825     0.957336
      572.943     0.962854
      573.062     0.962027
      573.181     0.948510
      573.300     0.942515
      573.419     0.937731
      573.538     0.943282
      573.657     0.944744
      573.776     0.940287
      573.895     0.938773
      574.014     0.942296
      574.133     0.929075
      574.252     0.920955
      574.371     0.916793
      574.490     0.909590
      574.609     0.899705
      574.728     0.903587
      574.847     0.905475
      574.966     0.904779
      575.085     0.899963
      575.204     0.903911
      575.323     0.902562
      575.442     0.896569
      575.561     0.896658
      575.680     0.890894
      575.799     0.892880
      575.917     0.890811
      576.036     0.880306
      576.155     0.874421
      576.274     0.870632
      576.393     0.867267
      576.512     0.871391
      576.631     0.873717
      576.750     0.881899
      576.869     0.893157
      576.988     0.882661
      577.107     0.872555
      577.226     0.864052
      577.345     0.859539
      577.464     0.864876
      577.583     0.865599
      577.702     0.865603
      577.821     0.866228
      577.940     0.858145
      578.059     0.852157
      578.178     0.846789
      578.297     0.842272
      578.416     0.841324
      578.535     0.838279
      578.654     0.840934
      578.773     0.842474
      578.891     0.832321
      579.010     0.826326
      579.129     0.824164
      579.248     0.823804
      579.367     0.823279
      579.486     0.816791
      579.605     0.823903
      579.724     0.829217
      579.843     0.828895
      579.962     0.836312
      580.081     0.842518
      580.200     0.838589
      580.319     0.840106
      580.438     0.842542
      580.557     0.847507
      580.676     0.870106
      580.795     0.859414
      580.914     0.864615
      581.033     0.864693
      581.152     0.878935
      581.271     0.884801
      581.390     0.891327
      581.509     0.892660
      581.628     0.906985
      581.747     0.897829
      581.865     0.907620
      581.984     0.913762
      582.103     0.931263
      582.222     0.939816
      582.341     0.949821
      582.460     0.955944
      582.579     0.966616
      582.698     0.965167
      582.817     0.980821
      582.936     0.988274
      583.055     0.996785
      583.174     0.998521
      583.293      1.01331
      583.412      1.02774
      583.531      1.03934
      583.650      1.03893
      583.769      1.04855
      583.888      1.05908
      584.007      1.07484
      584.126      1.09397
      584.245      1.11977
      584.364      1.13470
      584.483      1.14805
      584.602      1.14082
      584.721      1.15136
      584.839      1.15817
      584.958      1.18204
      585.077      1.20142
      585.196      1.21740
      585.315      1.22285
      585.434      1.24385
      585.553      1.24533
      585.672      1.26240
      585.791      1.27494
      585.910      1.29572
      586.029      1.31737
      586.148      1.33658
      586.267      1.34999
      586.386      1.37334
      586.505      1.37183
      586.624      1.37275
      586.743      1.37095
      586.862      1.38156
      586.981      1.39441
      587.100      1.41520
      587.219      1.43820
      587.338      1.47125
      587.457      1.47134
      587.576      1.48811
      587.695      1.49534
      587.813      1.49654
      587.932      1.50702
      588.051      1.52085
      588.170      1.53839
      588.289      1.55715
      588.408      1.55560
      588.527      1.56906
      588.646      1.57888
      588.765      1.58389
      588.884      1.59068
      589.003      1.59727
      589.122      1.59971
      589.241      1.61116
      589.360      1.59753
      589.479      1.61137
      589.598      1.61046
      589.717      1.61493
      589.836      1.61577
      589.955      1.62560
      590.074      1.62208
      590.193      1.63591
      590.312      1.63399
      590.431      1.64847
      590.550      1.66051
      590.669      1.67487
      590.787      1.67625
      590.906      1.67061
      591.025      1.66712
      591.144      1.66595
      591.263      1.65047
      591.382      1.65222
      591.501      1.65570
      591.620      1.66442
      591.739      1.66844
      591.858      1.68047
      591.977      1.68264
      592.096      1.70571
      592.215      1.70957
      592.334      1.71087
      592.453      1.69952
      592.572      1.69342
      592.691      1.69145
      592.810      1.69770
      592.929      1.69248
      593.048      1.69621
      593.167      1.68180
      593.286      1.68292
      593.405      1.68631
      593.524      1.69130
      593.643      1.68268
      593.761      1.67860
      593.880      1.68777
      593.999      1.71698
      594.118      1.71083
      594.237      1.70834
      594.356      1.69676
      594.475      1.70307
      594.594      1.69315
      594.713      1.69282
      594.832      1.68188
      594.951      1.68564
      595.070      1.66971
      595.189      1.66114
      595.308      1.65171
      595.427      1.64943
      595.546      1.64285
      595.665      1.64542
      595.784      1.63670
      595.903      1.63639
      596.022      1.62637
      596.141      1.63111
      596.260      1.63695
      596.379      1.65114
      596.498      1.64142
      596.617      1.63251
      596.735      1.61966
      596.854      1.61836
      596.973      1.60703
      597.092      1.61290
      597.211      1.61727
      597.330      1.62091
      597.449      1.61959
      597.568      1.60884
      597.687      1.60002
      597.806      1.59855
      597.925      1.59290
      598.044      1.59446
      598.163      1.59324
      598.282      1.59146
      598.401      1.58158
      598.520      1.57166
      598.639      1.56470
      598.758      1.56629
      598.877      1.54781
      598.996      1.54725
      599.115      1.53892
      599.234      1.52980
      599.353      1.52621
      599.472      1.52247
      599.591      1.52611
      599.709      1.54121
      599.828      1.54475
      599.947      1.54966
      600.066      1.55190
      600.185      1.55906
      600.304      1.55222
      600.423      1.54265
      600.542      1.52736
      600.661      1.52748
      600.780      1.50986
      600.899      1.51080
      601.018      1.51443
      601.137      1.51428
      601.256      1.51583
      601.375      1.51818
      601.494      1.51641
      601.613      1.51728
      601.732      1.50566
      601.851      1.50519
      601.970      1.50510
      602.089      1.50635
      602.208      1.51061
      602.327      1.51337
      602.446      1.50687
      602.565      1.51378
      602.683      1.49819
      602.802      1.49683
      602.921      1.48919
      603.040      1.48824
      603.159      1.49388
      603.278      1.49255
      603.397      1.49476
      603.516      1.49972
      603.635      1.49314
      603.754      1.48951
      603.873      1.48687
      603.992      1.48420
      604.111      1.47961
      604.230      1.47933
      604.349      1.47554
      604.468      1.48144
      604.587      1.47242
      604.706      1.46639
      604.825      1.45794
      604.944      1.45582
      605.063      1.45346
      605.182      1.45165
      605.301      1.44991
      605.420      1.45234
      605.539      1.44515
      605.657      1.44317
      605.776      1.43380
      605.895      1.42981
      606.014      1.42575
      606.133      1.42131
      606.252      1.40983
      606.371      1.41342
      606.490      1.40397
      606.609      1.41520
      606.728      1.41545
      606.847      1.41089
      606.966      1.40696
      607.085      1.40070
      607.204      1.39455
      607.323      1.39569
      607.442      1.38134
      607.561      1.37933
      607.680      1.38258
      607.799      1.38347
      607.918      1.38625
      608.037      1.39101
      608.156      1.39483
      608.275      1.40417
      608.394      1.39086
      608.513      1.38716
      608.631      1.37176
      608.750      1.36236
      608.869      1.35454
      608.988      1.35263
      609.107      1.35291
      609.226      1.36486
      609.345      1.36146
      609.464      1.36344
      609.583      1.36724
      609.702      1.36581
      609.821      1.36776
      609.940      1.36045
      610.059      1.35526
      610.178      1.35167
      610.297      1.33780
      610.416      1.33629
      610.535      1.33270
      610.654      1.32738
      610.773      1.32402
      610.892      1.32129
      611.011      1.32002
      611.130      1.32281
      611.249      1.31228
      611.368      1.31167
      611.487      1.30994
      611.605      1.30321
      611.724      1.29798
      611.843      1.29376
      611.962      1.28552
      612.081      1.28192
      612.200      1.26624
      612.319      1.26723
      612.438      1.27519
      612.557      1.27948
      612.676      1.28489
      612.795      1.27740
      612.914      1.27527
      613.033      1.27479
      613.152      1.26718
      613.271      1.26578
      613.390      1.26593
      613.509      1.26769
      613.628      1.26833
      613.747      1.26370
      613.866      1.25635
      613.985      1.26160
      614.104      1.24611
      614.223      1.23520
      614.342      1.22237
      614.461      1.21482
      614.579      1.21411
      614.698      1.21163
      614.817      1.22017
      614.936      1.22728
      615.055      1.22494
      615.174      1.21572
      615.293      1.20653
      615.412      1.20411
      615.531      1.19922
      615.650      1.19871
      615.769      1.19933
      615.888      1.20811
      616.007      1.20650
      616.126      1.21002
      616.245      1.20920
      616.364      1.20808
      616.483      1.19787
      616.602      1.19138
      616.721      1.19129
      616.840      1.19435
      616.959      1.18303
      617.078      1.18386
      617.197      1.18986
      617.316      1.18346
      617.435      1.18131
      617.553      1.17618
      617.672      1.17562
      617.791      1.18000
      617.910      1.16943
      618.029      1.17331
      618.148      1.17578
      618.267      1.17133
      618.386      1.17304
      618.505      1.16140
      618.624      1.15952
      618.743      1.15483
      618.862      1.14307
      618.981      1.13023
      619.100      1.12426
      619.219      1.11885
      619.338      1.11119
      619.457      1.10126
      619.576      1.10382
      619.695      1.11724
      619.814      1.11781
      619.933      1.12243
      620.052      1.11944
      620.171      1.10793
      620.290      1.10415
      620.409      1.09402
      620.527      1.09462
      620.646      1.09779
      620.765      1.09011
      620.884      1.08839
      621.003      1.08796
      621.122      1.08763
      621.241      1.08473
      621.360      1.08015
      621.479      1.08043
      621.598      1.09042
      621.717      1.07712
      621.836      1.08314
      621.955      1.08071
      622.074      1.08386
      622.193      1.08533
      622.312      1.08612
      622.431      1.08705
      622.550      1.09611
      622.669      1.08488
      622.788      1.08596
      622.907      1.08224
      623.026      1.07555
      623.145      1.07198
      623.264      1.06775
      623.383      1.06657
      623.501      1.07048
      623.620      1.06539
      623.739      1.06393
      623.858      1.06171
      623.977      1.04984
      624.096      1.05249
      624.215      1.04855
      624.334      1.04858
      624.453      1.05808
      624.572      1.05009
      624.691      1.04711
      624.810      1.04671
      624.929      1.04093
      625.048      1.04236
      625.167      1.04250
      625.286      1.04132
      625.405      1.04236
      625.524      1.02757
      625.643      1.02308
      625.762      1.02566
      625.881      1.01596
      626.000      1.01520
      626.119      1.01513
      626.238      1.02134
      626.357      1.02102
      626.475      1.01217
      626.594      1.00605
      626.713     0.996047
      626.832     0.990103
      626.951     0.988513
      627.070     0.979830
      627.189     0.977878
      627.308     0.969839
      627.427     0.962553
      627.546     0.958543
      627.665     0.964187
      627.784     0.965509
      627.903     0.969498
      628.022     0.965342
      628.141     0.959058
      628.260     0.964274
      628.379     0.955895
      628.498     0.960175
      628.617     0.967162
      628.736     0.972023
      628.855     0.964987
      628.974     0.954887
      629.093     0.945505
      629.212     0.941681
      629.331     0.933232
      629.449     0.935546
      629.568     0.935764
      629.687     0.932730
      629.806     0.928828
      629.925     0.924923
      630.044     0.926080
      630.163     0.931470
      630.282     0.917760
      630.401     0.909545
      630.520     0.904475
      630.639     0.893032
      630.758     0.883214
      630.877     0.874334
      630.996     0.871607
      631.115     0.879820
      631.234     0.879630
      631.353     0.889985
      631.472     0.896938
      631.591     0.897258
      631.710     0.896854
      631.829     0.886221
      631.948     0.877253
      632.067     0.871148
      632.186     0.865948
      632.305     0.876937
      632.423     0.888277
      632.542     0.892068
      632.661     0.892410
      632.780     0.887558
      632.899     0.885719
      633.018     0.883117
      633.137     0.857646
      633.256     0.845292
      633.375     0.835695
      633.494     0.834716
      633.613     0.843779
      633.732     0.844512
      633.851     0.839785
      633.970     0.833963
      634.089     0.821147
      634.208     0.811895
      634.327     0.813350
      634.446     0.810688
      634.565     0.815314
      634.684     0.811850
      634.803     0.818047
      634.922     0.817645
      635.041     0.803343
      635.160     0.796953
      635.279     0.786910
      635.397     0.776900
      635.516     0.778058
      635.635     0.783162
      635.754     0.788523
      635.873     0.791569
      635.992     0.780558
      636.111     0.770309
      636.230     0.763017
      636.349     0.758720
      636.468     0.756690
      636.587     0.756159
      636.706     0.759142
      636.825     0.760735
      636.944     0.746543
      637.063     0.748170
      637.182     0.741040
      637.301     0.733319
      637.420     0.736778
      637.539     0.738441
      637.658     0.745754
      637.777     0.752962
      637.896     0.742445
      638.015     0.736768
      638.134     0.728187
      638.253     0.714165
      638.371     0.710607
      638.490     0.706754
      638.609     0.713119
      638.728     0.717906
      638.847     0.712543
      638.966     0.709974
      639.085     0.707918
      639.204     0.717090
      639.323     0.719568
      639.442     0.714971
      639.561     0.702413
      639.680     0.702636
      639.799     0.690877
      639.918     0.689880
      640.037     0.689583
      640.156     0.682865
      640.275     0.675293
      640.394     0.670449
      640.513     0.677091
      640.632     0.682739
      640.751     0.674492
      640.870     0.680254
      640.989     0.679583
      641.108     0.672215
      641.227     0.660438
      641.345     0.650838
      641.464     0.652194
      641.583     0.659627
      641.702     0.647609
      641.821     0.643738
      641.940     0.643870
      642.059     0.639180
      642.178     0.631370
      642.297     0.619286
      642.416     0.621601
      642.535     0.632423
      642.654     0.630471
      642.773     0.636508
      642.892     0.630787
      643.011     0.624447
      643.130     0.627479
      643.249     0.626493
      643.368     0.625655
      643.487     0.623550
      643.606     0.607692
      643.725     0.590331
      643.844     0.574336
      643.963     0.566052
      644.082     0.561046
      644.201     0.561263
      644.319     0.560621
      644.438     0.562333
      644.557     0.553094
      644.676     0.555216
      644.795     0.553411
      644.914     0.547975
      645.033     0.541673
      645.152     0.541209
      645.271     0.538347
      645.390     0.541593
      645.509     0.528829
      645.628     0.521758
      645.747     0.517307
      645.866     0.510001
      645.985     0.501637
      646.104     0.491801
      646.223     0.492218
      646.342     0.495983
      646.461     0.483494
      646.580     0.485633
      646.699     0.485779
      646.818     0.482233
      646.937     0.480870
      647.056     0.479393
      647.174     0.478593
      647.293     0.481943
      647.412     0.458604
      647.531     0.447709
      647.650     0.435821
      647.769     0.430046
      647.888     0.430810
      648.007     0.427072
      648.126     0.429122
      648.245     0.435189
      648.364     0.422619
      648.483     0.420235
      648.602     0.416369
      648.721     0.411286
      648.840     0.407906
      648.959     0.400801
      649.078     0.395627
      649.197     0.393414
      649.316     0.381615
      649.435     0.370071
      649.554     0.370203
      649.673     0.362338
      649.792     0.363572
      649.911     0.357640
      650.030     0.359369
      650.148     0.362664
      650.267     0.348746
      650.386     0.340696
      650.505     0.338065
      650.624     0.323160
      650.743     0.321360
      650.862     0.305783
      650.981     0.303284
      651.100     0.304956
      651.219     0.296899
      651.338     0.288987
      651.457     0.288584
      651.576     0.283193
      651.695     0.286895
      651.814     0.279232
      651.933     0.280707
      652.052     0.282145
      652.171     0.271547
      652.290     0.258668
      652.409     0.257673
      652.528     0.250322
      652.647     0.251980
      652.766     0.239647
      652.885     0.244695
      653.004     0.247665
      653.122     0.239211
      653.241     0.241061
      653.360     0.244535
      653.479     0.240636
      653.598     0.240562
      653.717     0.226951
      653.836     0.221185
      653.955     0.214487
      654.074     0.209255
      654.193     0.204523
      654.312     0.206799
      654.431     0.198343
      654.550     0.201705
      654.669     0.190216
      654.788     0.194198
      654.907     0.195001
      655.026     0.187884
      655.145     0.178861
      655.264     0.183660
      655.383     0.178282
      655.502     0.179158
      655.621     0.169459
      655.740     0.174339
      655.859     0.167666
      655.978     0.164998
      656.096     0.158006
      656.215     0.161721
      656.334     0.157022
      656.453     0.160738
      656.572     0.150772
      656.691     0.152110
      656.810     0.156258
      656.929     0.153642
      657.048     0.144528
      657.167     0.144000
      657.286     0.138943
      657.405     0.143060
      657.524     0.138978
      657.643     0.145479
      657.762     0.136904
      657.881     0.126647
      658.000     0.114591
      658.119     0.117341
      658.238     0.108289
      658.357     0.115572
      658.476     0.107613
      658.595     0.112552
      658.714     0.108735
      658.833     0.104994
      658.952    0.0972641
      659.070    0.0976675
      659.189    0.0910688
      659.308    0.0979270
      659.427    0.0932439
      659.546    0.0992040
      659.665    0.0999993
      659.784    0.0955105
      659.903    0.0936434
      660.022     0.103913
      660.141    0.0959383
      660.260     0.102687
      660.379    0.0955317
      660.498    0.0998422
      660.617     0.102742
      660.736    0.0953008
      660.855    0.0920508
      660.974    0.0938929
      661.093    0.0899377
      661.212    0.0986742
      661.331    0.0946406
      661.450    0.0983239
      661.569     0.103809
      661.688    0.0934296
      661.807    0.0897091
      661.926    0.0913555
      662.044    0.0838350
      662.163    0.0960196
      662.282    0.0941011
      662.401     0.104523
      662.520     0.106758
      662.639     0.101470
      662.758    0.0906580
      662.877    0.0932448
      662.996    0.0816098
      663.115    0.0786723
      663.234    0.0700537
      663.353    0.0726012
      663.472    0.0722103
      663.591    0.0658246
      663.710    0.0644540
      663.829    0.0675110
      663.948    0.0679050
      664.067    0.0718669
      664.186    0.0781806
      664.305    0.0841031
      664.424    0.0933970
      664.543    0.0792532
      664.662    0.0809043
      664.781    0.0829084
      664.900    0.0793069
      665.018    0.0827225
      665.137    0.0784540
      665.256    0.0851244
      665.375    0.0882666
      665.494    0.0870563
      665.613    0.0795712
      665.732    0.0845177
      665.851    0.0766000
      665.970    0.0820568
      666.089    0.0795121
      666.208    0.0826945
      666.327    0.0851711
      666.446    0.0792520
      666.565    0.0699187
      666.684    0.0693344
      666.803    0.0601562
      666.922    0.0665173
      667.041    0.0613802
      667.160    0.0688411
      667.279    0.0697480
      667.398    0.0684177
      667.517    0.0732186
      667.636    0.0771582
      667.755    0.0739515
      667.874    0.0759287
      667.992    0.0758636
      668.111    0.0794921
      668.230    0.0828862
      668.349    0.0709512
      668.468    0.0702168
      668.587    0.0715270
      668.706    0.0703598
      668.825    0.0693103
      668.944    0.0634211
      669.063    0.0694530
      669.182    0.0704493
      669.301    0.0692415
      669.420    0.0695295
      669.539    0.0733615
      669.658    0.0770374
      669.777    0.0758300
      669.896    0.0737553
      670.015    0.0774727
      670.134    0.0734269
      670.253    0.0652800
      670.372    0.0623740
      670.491    0.0679454
      670.610    0.0644078
      670.729    0.0681669
      670.848    0.0672321
      670.966    0.0706795
      671.085    0.0735400
      671.204    0.0690580
      671.323    0.0689575
      671.442    0.0728865
      671.561    0.0680846
      671.680    0.0719364
      671.799    0.0670132
      671.918    0.0692848
      672.037    0.0748804
      672.156    0.0687671
      672.275    0.0654606
      672.394    0.0657548
      672.513    0.0584068
      672.632    0.0626601
      672.751    0.0586354
      672.870    0.0668143
      672.989    0.0688138
      673.108    0.0679595
      673.227    0.0614731
      673.346    0.0641868
      673.465    0.0569420
      673.584    0.0612833
      673.703    0.0638005
      673.822    0.0690593
      673.940    0.0718182
      674.059    0.0663937
      674.178    0.0618009
      674.297    0.0650769
      674.416    0.0609187
      674.535    0.0727898
      674.654    0.0652918
      674.773    0.0715201
      674.892    0.0702676
      675.011    0.0637974
      675.130    0.0616256
      675.249    0.0653101
      675.368    0.0617025
      675.487    0.0649905
      675.606    0.0587483
      675.725    0.0655881
      675.844    0.0685211
      675.963    0.0667453
      676.082    0.0638105
      676.201    0.0729368
      676.320    0.0705614
      676.439    0.0716618
      676.558    0.0658863
      676.677    0.0719849
      676.796    0.0674062
      676.914    0.0637451
      677.033    0.0607222
      677.152    0.0656254
      677.271    0.0640431
      677.390    0.0656650
      677.509    0.0631600
      677.628    0.0706756
      677.747    0.0747070
      677.866    0.0650625
      677.985    0.0612706
      678.104    0.0638991
      678.223    0.0629560
      678.342    0.0657473
      678.461    0.0635185
      678.580    0.0684017
      678.699    0.0716799
      678.818    0.0630969
      678.937    0.0603414
      679.056    0.0634592
      679.175    0.0598970
      679.294    0.0652716
      679.413    0.0641647
      679.532    0.0739762
      679.651    0.0757331
      679.770    0.0717256
      679.888    0.0686834
      680.007    0.0662042
      680.126    0.0627951
      680.245    0.0644704
      680.364    0.0626335
      680.483    0.0682283
      680.602    0.0675632
      680.721    0.0625323
      680.840    0.0606924
      680.959    0.0620062
      681.078    0.0596390
      681.197    0.0650817
      681.316    0.0622281
      681.435    0.0664196
      681.554    0.0672512
      681.673    0.0633416
      681.792    0.0586594
      681.911    0.0590837
      682.030    0.0528962
      682.149    0.0579853
      682.268    0.0567050
      682.387    0.0633415
      682.506    0.0630369
      682.625    0.0609037
      682.744    0.0569402
      682.862    0.0619998
      682.981    0.0627924
      683.100    0.0628939
      683.219    0.0637686
      683.338    0.0636263
      683.457    0.0675152
      683.576    0.0616712
      683.695    0.0589202
      683.814    0.0644825
      683.933    0.0662972
      684.052    0.0708458
      684.171    0.0734390
      684.290    0.0770949
      684.409    0.0800184
      684.528    0.0755110
      684.647    0.0671199
      684.766    0.0662833
      684.885    0.0572297
      685.004    0.0621550
      685.123    0.0573068
      685.242    0.0585114
      685.361    0.0631138
      685.480    0.0601039
      685.599    0.0611875
      685.718    0.0644432
      685.836    0.0671682
      685.955    0.0647296
      686.074    0.0641759
      686.193    0.0656727
      686.312    0.0640520
      686.431    0.0570944
      686.550    0.0542793
      686.669    0.0575000
      686.788    0.0572305
      686.907    0.0593444
      687.026    0.0615008
      687.145    0.0662905
      687.264    0.0655298
      687.383    0.0578967
      687.502    0.0506292
      687.621    0.0521275
      687.740    0.0465836
      687.859    0.0505123
      687.978    0.0463657
      688.097    0.0521109
      688.216    0.0561276
      688.335    0.0556503
      688.454    0.0566170
      688.573    0.0629093
      688.692    0.0569832
      688.810    0.0560513
      688.929    0.0577632
      689.048    0.0616667
      689.167    0.0678467
      689.286    0.0615819
      689.405    0.0583745
      689.524    0.0596760
      689.643    0.0552655
      689.762    0.0556558
      689.881    0.0521939
      690.000    0.0585090
      690.119    0.0598955
      690.238    0.0606609
      690.357    0.0579013
      690.476    0.0596209
      690.595    0.0541200
      690.714    0.0588286
      690.833    0.0571862
      690.952    0.0662608
      691.071    0.0641211
      691.190    0.0648898
      691.309    0.0643700
      691.428    0.0685502
      691.547    0.0632045
      691.666    0.0675119
      691.784    0.0630785
      691.903    0.0658892
      692.022    0.0652438
      692.141    0.0621812
      692.260    0.0575324
      692.379    0.0590944
      692.498    0.0542746
      692.617    0.0604688
      692.736    0.0580675
      692.855    0.0621790
      692.974    0.0696768
      693.093    0.0651033
      693.212    0.0598162
      693.331    0.0574107
      693.450    0.0567186
      693.569    0.0565700
      693.688    0.0575514
      693.807    0.0612549
      693.926    0.0654635
      694.045    0.0618820
      694.164    0.0614415
      694.283    0.0640192
      694.402    0.0632855
      694.521    0.0604957
      694.640    0.0621104
      694.758    0.0688479
      694.877    0.0711384
      694.996    0.0649028
      695.115    0.0621509
      695.234    0.0630122
      695.353    0.0623604
      695.472    0.0625914
      695.591    0.0511665
      695.710    0.0549291
      695.829    0.0594098
      695.948    0.0558488
      696.067    0.0519063
      696.186    0.0528923
      696.305    0.0529515
      696.424    0.0532215
      696.543    0.0545042
      696.662    0.0583197
      696.781    0.0631085
      696.900    0.0599618
      697.019    0.0594320
      697.138    0.0628314
      697.257    0.0608228
      697.376    0.0646477
      697.495    0.0602699
      697.614    0.0653663
      697.732    0.0676728
      697.851    0.0601165
      697.970    0.0590772
      698.089    0.0608331
      698.208    0.0609799
      698.327    0.0646027
      698.446    0.0648780
      698.565    0.0676137
      698.684    0.0741700
      698.803    0.0634129
      698.922    0.0630513
      699.041    0.0631138
      699.160    0.0584585
      699.279    0.0607275
      699.398    0.0621051
      699.517    0.0686285
      699.636    0.0688607
      699.755    0.0610947
      699.874    0.0572394
      699.993    0.0587883
      700.112    0.0539933
      700.231    0.0588219
      700.350    0.0578161
      700.469    0.0639697
      700.588    0.0661621
      700.706    0.0615330
      700.825    0.0602283
      700.944    0.0595203
      701.063    0.0554828
      701.182    0.0599813
      701.301    0.0593579
      701.420    0.0617243
      701.539    0.0647330
      701.658    0.0619734
      701.777    0.0551508
      701.896    0.0595286
      702.015    0.0565513
      702.134    0.0620018
      702.253    0.0577394
      702.372    0.0586123
      702.491    0.0614557
      702.610    0.0586448
      702.729    0.0591741
      702.848    0.0600036
      702.967    0.0575325
      703.086    0.0623500
      703.205    0.0572618
      703.324    0.0611378
      703.443    0.0604240
      703.562    0.0567479
      703.680    0.0571489
      703.799    0.0579796
      703.918    0.0549015
      704.037    0.0565914
      704.156    0.0572507
      704.275    0.0644451
      704.394    0.0676439
      704.513    0.0663709
      704.632    0.0644518
      704.751    0.0711821
      704.870    0.0616870
      704.989    0.0661810
      705.108    0.0607712
      705.227    0.0674644
      705.346    0.0685591
      705.465    0.0667234
      705.584    0.0654041
      705.703    0.0639547
      705.822    0.0549557
      705.941    0.0563506
      706.060    0.0542936
      706.179    0.0589275
      706.298    0.0672774
      706.417    0.0680730
      706.536    0.0614809
      706.654    0.0642201
      706.773    0.0585744
      706.892    0.0582010
      707.011    0.0508639
      707.130    0.0557231
      707.249    0.0599790
      707.368    0.0570084
      707.487    0.0550754
      707.606    0.0556965
      707.725    0.0478270
      707.844    0.0519566
      707.963    0.0499767
      708.082    0.0545860
      708.201    0.0644887
      708.320    0.0572183
      708.439    0.0567564
      708.558    0.0580305
      708.677    0.0559188
      708.796    0.0595383
      708.915    0.0569916
      709.034    0.0628293
      709.153    0.0596736
      709.272    0.0600375
      709.391    0.0570967
      709.510    0.0623319
      709.628    0.0571288
      709.747    0.0614985
      709.866    0.0571636
      709.985    0.0604037
      710.104    0.0655189
      710.223    0.0608762
      710.342    0.0594563
      710.461    0.0650120
      710.580    0.0655552
      710.699    0.0667969
      710.818    0.0611000
      710.937    0.0695007
      711.056    0.0698276
      711.175    0.0656553
      711.294    0.0633595
      711.413    0.0667445
      711.532    0.0646662
      711.651    0.0686660
      711.770    0.0610745
      711.889    0.0664323
      712.008    0.0681162
      712.127    0.0619188
      712.246    0.0592220
      712.365    0.0600288
      712.484    0.0561464
      712.602    0.0608987
      712.721    0.0593823
      712.840    0.0631734
      712.959    0.0703898
      713.078    0.0658899
      713.197    0.0636269
      713.316    0.0629438
      713.435    0.0575149
      713.554    0.0564778
      713.673    0.0537695
      713.792    0.0632855
      713.911    0.0631291
      714.030    0.0586160
      714.149    0.0533958
      714.268    0.0542050
      714.387    0.0503897
      714.506    0.0544588
      714.625    0.0542994
      714.744    0.0595186
      714.863    0.0626242
      714.982    0.0603937
      715.101    0.0561761
      715.220    0.0611817
      715.339    0.0543564
      715.458    0.0602479
      715.576    0.0551855
      715.695    0.0608599
      715.814    0.0681295
      715.933    0.0626668
      716.052    0.0597223
      716.171    0.0610242
      716.290    0.0577675
      716.409    0.0622577
      716.528    0.0580249
      716.647    0.0624721
      716.766    0.0663885
      716.885    0.0667605
      717.004    0.0645167
      717.123    0.0684810
      717.242    0.0622880
      717.361    0.0628812
      717.480    0.0582814
      717.599    0.0639355
      717.718    0.0756769
      717.837    0.0649020
      717.956    0.0603423
      718.075    0.0602693
      718.194    0.0594405
      718.313    0.0586112
      718.432    0.0559133
      718.550    0.0642482
      718.669    0.0671135
      718.788    0.0621453
      718.907    0.0639874
      719.026    0.0664094
      719.145    0.0629073
      719.264    0.0594480
      719.383    0.0571012
      719.502    0.0627788
      719.621    0.0646240
      719.740    0.0601799
      719.859    0.0601512
      719.978    0.0651215
      720.097    0.0608080
      720.216    0.0621158
      720.335    0.0580644
      720.454    0.0656266
      720.573    0.0667575
      720.692    0.0630620
      720.811    0.0575321
      720.930    0.0611212
      721.049    0.0551861
      721.168    0.0561371
      721.287    0.0531066
      721.406    0.0578165
      721.524    0.0583658
      721.643    0.0566769
      721.762    0.0532410
      721.881    0.0557155
      722.000    0.0541594
      722.119    0.0534987
      722.238    0.0512692
      722.357    0.0572418
      722.476    0.0629030
      722.595    0.0567727
      722.714    0.0541383
      722.833    0.0593987
      722.952    0.0596356
      723.071    0.0641364
      723.190    0.0650029
      723.309    0.0692374
      723.428    0.0735185
      723.547    0.0680987
      723.666    0.0646535
      723.785    0.0671835
      723.904    0.0636016
      724.023    0.0635698
      724.142    0.0579172
      724.261    0.0637762
      724.380    0.0662637
      724.498    0.0588083
      724.617    0.0557152
      724.736    0.0605433
      724.855    0.0602858
      724.974    0.0639910
      725.093    0.0616171
      725.212    0.0621705
      725.331    0.0696185
      725.450    0.0635485
      725.569    0.0633364
      725.688    0.0602836
      725.807    0.0556059
      725.926    0.0594968
      726.045    0.0570277
      726.164    0.0589349
      726.283    0.0575932
      726.402    0.0563411
      726.521    0.0555853
      726.640    0.0559582
      726.759    0.0562409
      726.878    0.0600029
      726.997    0.0554058
      727.116    0.0576322
      727.235    0.0647456
      727.354    0.0550389
      727.472    0.0526556
      727.591    0.0565607
      727.710    0.0526829
      727.829    0.0601665
      727.948    0.0612689
      728.067    0.0733786
      728.186    0.0706339
      728.305    0.0680237
      728.424    0.0643243
      728.543    0.0650211
      728.662    0.0609108
      728.781    0.0632402
      728.900    0.0600802
      729.019    0.0624107
      729.138    0.0699636
      729.257    0.0619890
      729.376    0.0558728
      729.495    0.0575230
      729.614    0.0538112
      729.733    0.0571438
      729.852    0.0529298
      729.971    0.0591294
      730.090    0.0608736
      730.209    0.0516059
      730.328    0.0477047
      730.446    0.0494928
      730.565    0.0488226
      730.684    0.0579023
      730.803    0.0565990
      730.922    0.0610388
      731.041    0.0589149
      731.160    0.0575196
      731.279    0.0578572
      731.398    0.0635810
      731.517    0.0582592
      731.636    0.0608810
      731.755    0.0569256
      731.874    0.0630220
      731.993    0.0660592
      732.112    0.0610499
      732.231    0.0567693
      732.350    0.0603108
      732.469    0.0557069
      732.588    0.0581056
      732.707    0.0538644
      732.826    0.0583717
      732.945    0.0669151
      733.064    0.0645066
      733.183    0.0559052
      733.302    0.0579415
      733.420    0.0545182
      733.539    0.0581622
      733.658    0.0552418
      733.777    0.0620578
      733.896    0.0651563
      734.015    0.0621894
      734.134    0.0631749
      734.253    0.0649435
      734.372    0.0618364
      734.491    0.0612585
      734.610    0.0581481
      734.729    0.0562331
      734.848    0.0562978
      734.967    0.0515697
      735.086    0.0516329
      735.205    0.0571379
      735.324    0.0533279
      735.443    0.0541763
      735.562    0.0473623
      735.681    0.0527808
      735.800    0.0566785
      735.919    0.0523076
      736.038    0.0542664
      736.157    0.0528048
      736.276    0.0496309
      736.394    0.0538579
      736.513    0.0542924
      736.632    0.0601444
      736.751    0.0630360
      736.870    0.0565243
      736.989    0.0550601
      737.108    0.0532703
      737.227    0.0504591
      737.346    0.0553472
      737.465    0.0503536
      737.584    0.0602588
      737.703    0.0633892
      737.822    0.0626642
      737.941    0.0565023
      738.060    0.0615384
      738.179    0.0568139
      738.298    0.0606438
      738.417    0.0611730
      738.536    0.0661231
      738.655    0.0619065
      738.774    0.0565700
      738.893    0.0513701
      739.012    0.0539938
      739.131    0.0510270
      739.250    0.0498298
      739.368    0.0440159
      739.487    0.0561551
      739.606    0.0673217
      739.725    0.0693012
      739.844    0.0672673
      739.963    0.0690144
      740.082    0.0648307
      740.201    0.0685872
      740.320    0.0681397
      740.439    0.0734888
      740.558    0.0766900
      740.677    0.0698362
      740.796    0.0636803
      740.915    0.0645412
      741.034    0.0597378
      741.153    0.0577883
      741.272    0.0554129
      741.391    0.0628279
      741.510    0.0651852
      741.629    0.0670747
      741.748    0.0679337
      741.867    0.0642913
      741.986    0.0600375
      742.105    0.0678858
      742.224    0.0637717
      742.342    0.0644432
      742.461    0.0661478
      742.580    0.0634861
      742.699    0.0598369
      742.818    0.0628101
      742.937    0.0583603
      743.056    0.0597365
      743.175    0.0579165
      743.294    0.0615502
      743.413    0.0614701
      743.532    0.0559800
      743.651    0.0535930
      743.770    0.0550170
      743.889    0.0539467
      744.008    0.0562661
      744.127    0.0551014
      744.246    0.0561031
      744.365    0.0596495
      744.484    0.0534894
      744.603    0.0490234
      744.722    0.0474309
      744.841    0.0479117
      744.960    0.0510341
      745.079    0.0506667
      745.198    0.0590755
      745.316    0.0626266
      745.435    0.0587682
      745.554    0.0595823
      745.673    0.0643633
      745.792    0.0584248
      745.911    0.0625461
      746.030    0.0613299
      746.149    0.0677691
      746.268    0.0751089
      746.387    0.0617914
      746.506    0.0606214
      746.625    0.0630453
      746.744    0.0587056
      746.863    0.0607989
      746.982    0.0562205
      747.101    0.0618641
      747.220    0.0611188
      747.339    0.0586211
      747.458    0.0512917
      747.577    0.0583125
      747.696    0.0601718
      747.815    0.0645433
      747.934    0.0606220
      748.053    0.0683613
      748.172    0.0666677
      748.290    0.0633619
      748.409    0.0589164
      748.528    0.0592138
      748.647    0.0547655
      748.766    0.0571031
      748.885    0.0561658
      749.004    0.0664352
      749.123    0.0683969
      749.242    0.0633282
      749.361    0.0619638
      749.480    0.0636406
      749.599    0.0618478
      749.718    0.0630023
      749.837    0.0602098
      749.956    0.0641235
      750.075    0.0651364
      750.194    0.0631993
      750.313    0.0633080
      750.432    0.0597033
      750.551    0.0558589
      750.670    0.0572046
      750.789    0.0524528
      750.908    0.0551326
      751.027    0.0601012
      751.146    0.0528681
      751.264    0.0488265
      751.383    0.0492662
      751.502    0.0491337
      751.621    0.0536771
      751.740    0.0489646
      751.859    0.0600515
      751.978    0.0648891
      752.097    0.0575027
      752.216    0.0543164
      752.335    0.0572926
      752.454    0.0553952
      752.573    0.0559350
      752.692    0.0515975
      752.811    0.0604593
      752.930    0.0613357
      753.049    0.0571399
      753.168    0.0554789
      753.287    0.0605681
      753.406    0.0561773
      753.525    0.0578681
      753.644    0.0514140
      753.763    0.0561239
      753.882    0.0632811
      754.001    0.0556247
      754.120    0.0543917
      754.238    0.0571880
      754.357    0.0575384
      754.476    0.0600489
      754.595    0.0579515
      754.714    0.0654581
      754.833    0.0598062
      754.952    0.0546801
      755.071    0.0532040
      755.190    0.0543712
      755.309    0.0498663
      755.428    0.0480048
      755.547    0.0458535
      755.666    0.0510166
      755.785    0.0587342
      755.904    0.0545135
      756.023    0.0568896
      756.142    0.0625437
      756.261    0.0592844
      756.380    0.0577588
      756.499    0.0528082
      756.618    0.0583712
      756.737    0.0592568
      756.856    0.0525164
      756.975    0.0538353
      757.094    0.0541890
      757.212    0.0499534
      757.331    0.0518043
      757.450    0.0502242
      757.569    0.0555576
      757.688    0.0623936
      757.807    0.0581058
      757.926    0.0571064
      758.045    0.0599308
      758.164    0.0585924
      758.283    0.0629205
      758.402    0.0614368
      758.521    0.0686762
      758.640    0.0720413
      758.759    0.0642553
      758.878    0.0589398
      758.997    0.0617733
      759.116    0.0572303
      759.235    0.0587540
      759.354    0.0535756
      759.473    0.0631162
      759.592    0.0631365
      759.711    0.0638376
      759.830    0.0654145
      759.949    0.0665546
      760.068    0.0625854
      760.186    0.0637253
      760.305    0.0590708
      760.424    0.0641562
      760.543    0.0657363
      760.662    0.0636127
      760.781    0.0632432
      760.900    0.0658976
      761.019    0.0586976
      761.138    0.0598392
      761.257    0.0574662
      761.376    0.0633944
      761.495    0.0603371
      761.614    0.0584018
      761.733    0.0514298
      761.852    0.0575594
      761.971    0.0532732
      762.090    0.0539755
      762.209    0.0534546
      762.328    0.0565569
      762.447    0.0660779
      762.566    0.0572796
      762.685    0.0559258
      762.804    0.0578071
      762.923    0.0584145
      763.042    0.0637322
      763.160    0.0647836
      763.279    0.0672594
      763.398    0.0725361
      763.517    0.0677454
      763.636    0.0656543
      763.755    0.0697067
      763.874    0.0642219
      763.993    0.0666531
      764.112    0.0593431
      764.231    0.0667459
      764.350    0.0679986
      764.469    0.0603371
      764.588    0.0589279
      764.707    0.0604258
      764.826    0.0550222
      764.945    0.0567170
      765.064    0.0500753
      765.183    0.0552736
      765.302    0.0625487
      765.421    0.0585691
      765.540    0.0563653
      765.659    0.0587063
      765.778    0.0567477
      765.897    0.0575055
      766.016    0.0552466
      766.134    0.0597643
      766.253    0.0624535
      766.372    0.0543034
      766.491    0.0555567
      766.610    0.0571078
      766.729    0.0586598
      766.848    0.0622446
      766.967    0.0671202
      767.086    0.0722466
      767.205    0.0758383
      767.324    0.0697076
      767.443    0.0611417
      767.562    0.0627973
      767.681    0.0603323
      767.800    0.0633296
      767.919    0.0587269
      768.038    0.0603837
      768.157    0.0636321
      768.276    0.0602191
      768.395    0.0566051
      768.514    0.0579646
      768.633    0.0566373
      768.752    0.0578482
      768.871    0.0570181
      768.990    0.0631611
      769.108    0.0620331
      769.227    0.0618514
      769.346    0.0661039
      769.465    0.0669663
      769.584    0.0646871
      769.703    0.0623070
      769.822    0.0604249
      769.941    0.0654291
      770.060    0.0662425
      770.179    0.0613142
      770.298    0.0617274
      770.417    0.0672860
      770.536    0.0644031
      770.655    0.0639178
      770.774    0.0596833
      770.893    0.0647963
      771.012    0.0687115
      771.131    0.0604236
      771.250    0.0615879
      771.369    0.0590495
      771.488    0.0554089
      771.607    0.0584252
      771.726    0.0541318
      771.844    0.0617070
      771.964    0.0707886
      772.082    0.0627369
      772.201    0.0647057
      772.320    0.0721397
      772.439    0.0665399
      772.558    0.0628936
      772.677    0.0617539
      772.796    0.0686918
      772.915    0.0756304
      773.034    0.0727333
      773.153    0.0714416
      773.272    0.0717564
      773.391    0.0687062
      773.510    0.0694224
      773.629    0.0664209
      773.748    0.0693480
      773.867    0.0726281
      773.986    0.0621854
      774.105    0.0600853
      774.224    0.0591412
      774.343    0.0560337
      774.462    0.0584088
      774.581    0.0559039
      774.700    0.0631617
      774.818    0.0656401
      774.938    0.0579998
      775.056    0.0558454
      775.175    0.0573166
      775.294    0.0499222
      775.413    0.0528539
      775.532    0.0521080
      775.651    0.0588216
      775.770    0.0627145
      775.889    0.0572303
      776.008    0.0581489
      776.127    0.0613377
      776.246    0.0614502
      776.365    0.0596956
      776.484    0.0585458
      776.603    0.0657753
      776.722    0.0749261
      776.841    0.0697386
      776.960    0.0690950
      777.079    0.0654706
      777.198    0.0628553
      777.317    0.0635240
      777.436    0.0604525
      777.555    0.0677437
      777.674    0.0662393
      777.792    0.0592219
      777.911    0.0569567
      778.030    0.0592439
      778.149    0.0571297
      778.268    0.0610880
      778.387    0.0578596
      778.506    0.0606551
      778.625    0.0686168
      778.744    0.0592595
      778.863    0.0568896
      778.982    0.0594336
      779.101    0.0575189
      779.220    0.0567187
      779.339    0.0515582
      779.458    0.0604413
      779.577    0.0627855
      779.696    0.0603624
      779.815    0.0607797
      779.934    0.0630250
      780.053    0.0605510
      780.172    0.0685845
      780.291    0.0707313
      780.410    0.0753167
      780.529    0.0780245
      780.648    0.0715881
      780.766    0.0676391
      780.885    0.0657724
      781.004    0.0595328
      781.123    0.0629520
      781.242    0.0579807
      781.361    0.0591628
      781.480    0.0604979
      781.599    0.0551159
      781.718    0.0542620
      781.837    0.0527968
      781.956    0.0510763
      782.075    0.0568424
      782.194    0.0551221
      782.313    0.0601781
      782.432    0.0735946
      782.551    0.0685122
      782.670    0.0679656
      782.789    0.0692036
      782.908    0.0664635
      783.027    0.0679569
      783.146    0.0676138
      783.265    0.0716089
      783.384    0.0744331
      783.503    0.0699064
      783.622    0.0646115
      783.740    0.0652402
      783.859    0.0594305
