347.0565 0.0 
347.1739 0.0 
347.2914 0.0 
347.4088 0.0 
347.5262 0.0 
347.6436 0.0 
347.761 0.0 
347.8784 0.0 
347.9958 0.0 
348.1133 0.0 
348.2307 0.0 
348.3481 0.0 
348.4655 0.0 
348.5829 0.0 
348.7003 0.0 
348.8177 0.0 
348.9351 0.0 
349.0526 0.0 
349.17 0.0 
349.2874 0.0 
349.4048 0.0 
349.5222 0.0 
349.6396 0.0 
349.757 0.0 
349.8744 0.0 
349.9919 0.0 
350.1093 0.0 
350.2267 0.0 
350.3441 0.0 
350.4615 0.0 
350.5789 0.0 
350.6963 0.0 
350.8137 0.0 
350.9312 0.0 
351.0486 0.0 
351.166 0.0 
351.2834 0.0 
351.4008 0.0 
351.5182 0.0 
351.6356 0.0 
351.7531 0.0 
351.8705 0.0 
351.9879 0.0 
352.1053 0.0 
352.2227 0.0 
352.3401 0.0 
352.4575 0.0 
352.5749 0.0 
352.6924 0.0 
352.8098 0.0 
352.9272 0.0 
353.0446 0.0 
353.162 0.0 
353.2794 0.0 
353.3968 0.0 
353.5142 0.0 
353.6317 0.0 
353.7491 0.0 
353.8665 0.0 
353.9839 0.0 
354.1013 0.0 
354.2187 0.0 
354.3361 0.0 
354.4536 0.0 
354.571 0.0 
354.6884 0.0 
354.8058 0.0 
354.9232 0.0 
355.0406 0.0 
355.158 0.0 
355.2754 0.0 
355.3929 0.0 
355.5103 0.0 
355.6277 0.0 
355.7451 0.0 
355.8625 0.0 
355.9799 0.0 
356.0973 0.0 
356.2147 0.0 
356.3322 0.0 
356.4496 0.0 
356.567 0.0 
356.6844 0.0 
356.8018 0.0 
356.9192 0.0 
357.0366 0.0 
357.154 0.0 
357.2715 0.0 
357.3889 0.0 
357.5063 0.0 
357.6237 0.0 
357.7411 0.0 
357.8585 0.0 
357.9759 0.0 
358.0934 0.0 
358.2108 0.0 
358.3282 0.0 
358.4456 0.0 
358.563 0.0 
358.6804 0.0 
358.7978 0.0 
358.9152 0.0 
359.0327 0.0 
359.1501 0.0 
359.2675 0.0 
359.3849 0.0 
359.5023 0.0 
359.6197 0.0 
359.7371 0.0 
359.8545 0.0 
359.972 0.0 
360.0894 0.0 
360.2068 0.0 
360.3242 0.0 
360.4416 0.0 
360.559 0.0 
360.6764 0.0 
360.7938 0.0 
360.9113 0.0 
361.0287 0.0 
361.1461 0.0 
361.2635 0.0 
361.3809 0.0 
361.4983 0.0 
361.6157 0.0 
361.7332 0.0 
361.8506 0.0 
361.968 0.0 
362.0854 0.0 
362.2028 0.0 
362.3202 0.0 
362.4376 0.0 
362.555 0.0 
362.6725 0.0 
362.7899 0.0 
362.9073 0.0 
363.0247 0.0 
363.1421 0.0 
363.2595 0.0 
363.3769 0.0 
363.4943 0.0 
363.6118 0.0 
363.7292 0.0 
363.8466 0.0 
363.964 0.0 
364.0814 0.0 
364.1988 0.0 
364.3162 0.0 
364.4337 0.0 
364.5511 0.0 
364.6685 0.0 
364.7859 0.0 
364.9033 0.0 
365.0207 0.0 
365.1381 0.0 
365.2555 0.0 
365.373 0.0 
365.4904 0.0 
365.6078 0.0 
365.7252 0.0 
365.8426 0.0 
365.96 0.0 
366.0774 0.0 
366.1948 0.0 
366.3123 0.0 
366.4297 0.0 
366.5471 0.0 
366.6645 0.0 
366.7819 0.0 
366.8993 0.0 
367.0167 0.0 
367.1341 0.0 
367.2516 0.0 
367.369 0.0 
367.4864 0.0 
367.6038 0.0 
367.7212 0.0 
367.8386 0.0 
367.956 0.0 
368.0735 0.0 
368.1909 0.0 
368.3083 0.0 
368.4257 0.0 
368.5431 0.0 
368.6605 0.0 
368.7779 0.0 
368.8953 0.0 
369.0128 0.0 
369.1302 0.0 
369.2476 0.0 
369.365 0.0 
369.4824 0.0 
369.5998 0.0 
369.7172 0.0 
369.8346 0.0 
369.9521 0.0 
370.0695 0.0 
370.1869 0.0 
370.3043 0.0 
370.4217 0.0 
370.5391 0.0 
370.6565 0.0 
370.7739 0.0 
370.8914 0.0 
371.0088 0.0 
371.1262 0.0 
371.2436 0.0 
371.361 0.0 
371.4784 0.0 
371.5958 0.0 
371.7133 0.0 
371.8307 0.0 
371.9481 0.0 
372.0655 0.0 
372.1829 0.0 
372.3003 0.0 
372.4177 0.0 
372.5351 0.0 
372.6526 0.0 
372.77 0.0 
372.8874 0.0 
373.0048 0.0 
373.1222 0.0 
373.2396 0.0 
373.357 0.0 
373.4744 0.0 
373.5919 0.0 
373.7093 0.0 
373.8267 0.0 
373.9441 0.0 
374.0615 0.0 
374.1789 0.0 
374.2963 0.0 
374.4138 0.0 
374.5312 0.0 
374.6486 0.0 
374.766 0.0 
374.8834 0.0 
375.0008 0.0 
375.1182 0.0 
375.2356 0.0 
375.3531 0.0 
375.4705 0.0 
375.5879 0.0 
375.7053 0.0 
375.8227 0.0 
375.9401 0.0 
376.0575 0.0 
376.1749 0.0 
376.2924 0.0 
376.4098 0.0 
376.5272 0.0 
376.6446 0.0 
376.762 0.0 
376.8794 0.0 
376.9968 0.0 
377.1142 0.0 
377.2317 0.0 
377.3491 0.0 
377.4665 0.0 
377.5839 0.0 
377.7013 0.0 
377.8187 0.0 
377.9361 0.0 
378.0536 0.0 
378.171 0.0 
378.2884 0.0 
378.4058 0.0 
378.5232 0.0 
378.6406 0.0 
378.758 0.0 
378.8754 0.0 
378.9929 0.0 
379.1103 0.0 
379.2277 0.0 
379.3451 0.0 
379.4625 0.0 
379.5799 0.0 
379.6973 0.0 
379.8147 0.0 
379.9322 0.0 
380.0496 0.0 
380.167 0.0 
380.2844 0.0 
380.4018 0.0 
380.5192 0.0 
380.6366 0.0 
380.7541 0.0 
380.8715 0.0 
380.9889 0.0 
381.1063 0.0 
381.2237 0.0 
381.3411 0.0 
381.4585 0.0 
381.5759 0.0 
381.6934 0.0 
381.8108 0.0 
381.9282 0.0 
382.0456 0.0 
382.163 0.0 
382.2804 0.0 
382.3978 0.0 
382.5152 0.0 
382.6327 0.0 
382.7501 0.0 
382.8675 0.0 
382.9849 0.0 
383.1023 0.0 
383.2197 0.0 
383.3371 0.0 
383.4545 0.0 
383.572 0.0 
383.6894 0.0 
383.8068 0.0 
383.9242 0.0 
384.0416 0.0 
384.159 0.0 
384.2764 0.0 
384.3939 0.0 
384.5113 0.0 
384.6287 0.0 
384.7461 0.0 
384.8635 0.0 
384.9809 0.0 
385.0983 0.0 
385.2157 0.0 
385.3332 0.0 
385.4506 0.0 
385.568 0.0 
385.6854 0.0 
385.8028 0.0 
385.9202 0.0 
386.0376 0.0 
386.155 0.0 
386.2725 0.0 
386.3899 0.0 
386.5073 0.0 
386.6247 0.0 
386.7421 0.0 
386.8595 0.0 
386.9769 0.0 
387.0943 0.0 
387.2118 0.0 
387.3292 0.0 
387.4466 0.0 
387.564 0.0 
387.6814 0.0 
387.7988 0.0 
387.9162 0.0 
388.0337 0.0 
388.1511 0.0 
388.2685 0.0 
388.3859 0.0 
388.5033 0.0 
388.6207 0.0 
388.7381 0.0 
388.8555 0.0 
388.973 0.0 
389.0904 0.0 
389.2078 0.0 
389.3252 0.0 
389.4426 0.0 
389.56 0.0 
389.6774 0.0 
389.7948 0.0 
389.9123 0.0 
390.0297 0.0 
390.1471 0.0 
390.2645 0.0 
390.3819 0.0 
390.4993 0.0 
390.6167 0.0 
390.7342 0.0 
390.8516 0.0 
390.969 0.0 
391.0864 0.0 
391.2038 0.0 
391.3212 0.0 
391.4386 0.0 
391.556 0.0 
391.6735 0.0 
391.7909 0.0 
391.9083 0.0 
392.0257 0.0 
392.1431 0.0 
392.2605 0.0 
392.3779 0.0 
392.4953 0.0 
392.6128 0.0 
392.7302 0.0 
392.8476 0.0 
392.965 0.0 
393.0824 0.0 
393.1998 0.0 
393.3172 0.0 
393.4346 0.0 
393.5521 0.0 
393.6695 0.0 
393.7869 0.0 
393.9043 0.0 
394.0217 0.0 
394.1391 0.0 
394.2565 0.0 
394.374 0.0 
394.4914 0.0 
394.6088 0.0 
394.7262 0.0 
394.8436 0.0 
394.961 0.0 
395.0784 0.0 
395.1958 0.0 
395.3133 0.0 
395.4307 0.0 
395.5481 0.0 
395.6655 0.0 
395.7829 0.0 
395.9003 0.0 
396.0177 0.0 
396.1351 0.0 
396.2526 0.0 
396.37 0.0 
396.4874 0.0 
396.6048 0.0 
396.7222 0.0 
396.8396 0.0 
396.957 0.0 
397.0744 0.0 
397.1919 0.0 
397.3093 0.0 
397.4267 0.0 
397.5441 0.0 
397.6615 0.0 
397.7789 0.0 
397.8963 0.0 
398.0138 0.0 
398.1312 0.0 
398.2486 0.0 
398.366 0.0 
398.4834 0.0 
398.6008 0.0 
398.7182 0.0 
398.8356 0.0 
398.9531 0.0 
399.0705 0.0 
399.1879 0.0 
399.3053 0.0 
399.4227 0.0 
399.5401 0.0 
399.6575 0.0 
399.7749 0.0 
399.8924 0.0 
400.0098 0.0 
400.1272 0.0 
400.2446 0.0 
400.362 0.0 
400.4794 0.0 
400.5968 0.0 
400.7143 0.0 
400.8317 0.0 
400.9491 0.0 
401.0665 0.0 
401.1839 0.0 
401.3013 0.0 
401.4187 0.0 
401.5361 0.0 
401.6536 0.0 
401.771 0.0 
401.8884 0.0 
402.0058 0.0 
402.1232 0.0 
402.2406 0.0 
402.358 0.0 
402.4754 0.0 
402.5929 0.0 
402.7103 0.0 
402.8277 0.0 
402.9451 0.0 
403.0625 0.0 
403.1799 0.0 
403.2973 0.0 
403.4147 0.0 
403.5322 0.0 
403.6496 0.0 
403.767 0.0 
403.8844 0.0 
404.0018 0.0 
404.1192 0.0 
404.2366 0.0 
404.3541 0.0 
404.4715 0.0 
404.5889 0.0 
404.7063 0.0 
404.8237 0.0 
404.9411 0.0 
405.0585 0.0 
405.1759 0.0 
405.2934 0.0 
405.4108 0.0 
405.5282 0.0 
405.6456 0.0 
405.763 0.0 
405.8804 0.0 
405.9978 0.0 
406.1152 0.0 
406.2327 0.0 
406.3501 0.0 
406.4675 0.0 
406.5849 0.0 
406.7023 0.0 
406.8197 0.0 
406.9371 0.0 
407.0546 0.0 
407.172 0.0 
407.2894 0.0 
407.4068 0.0 
407.5242 0.0 
407.6416 0.0 
407.759 0.0 
407.8764 0.0 
407.9939 0.0 
408.1113 0.0 
408.2287 0.0 
408.3461 0.0 
408.4635 0.0 
408.5809 0.0 
408.6983 0.0 
408.8157 0.0 
408.9332 0.0 
409.0506 0.0 
409.168 0.0 
409.2854 0.0 
409.4028 0.0 
409.5202 0.0 
409.6376 0.0 
409.755 0.0 
409.8725 0.0 
409.9899 0.0 
410.1073 0.0 
410.2247 0.0 
410.3421 0.0 
410.4595 0.0 
410.5769 0.0 
410.6944 0.0 
410.8118 0.0 
410.9292 0.0 
411.0466 0.0 
411.164 0.0 
411.2814 0.0 
411.3988 0.0 
411.5162 0.0 
411.6337 0.0 
411.7511 0.0 
411.8685 0.0 
411.9859 0.0 
412.1033 0.0 
412.2207 0.0 
412.3381 0.0 
412.4555 0.0 
412.573 0.0 
412.6904 0.0 
412.8078 0.0 
412.9252 0.0 
413.0426 0.0 
413.16 0.0 
413.2774 0.0 
413.3948 0.0 
413.5123 0.0 
413.6297 0.0 
413.7471 0.0 
413.8645 0.0 
413.9819 0.0 
414.0993 0.0 
414.2167 0.0 
414.3342 0.0 
414.4516 0.0 
414.569 0.0 
414.6864 0.0 
414.8038 0.0 
414.9212 0.0 
415.0386 0.0 
415.156 0.0 
415.2735 0.36031614614161744 
415.3909 0.35797110943460286 
415.5083 0.37586319561872056 
415.6257 0.3750350508923841 
415.7431 0.38821658211771665 
415.8605 0.39799011633697556 
415.9779 0.4069169529870164 
416.0953 0.4138001980799787 
416.2128 0.4266912722240168 
416.3302 0.43655829843015054 
416.4476 0.4499000550132958 
416.565 0.450530559246632 
416.6824 0.46289904548763716 
416.7998 0.46400425277248925 
416.9172 0.477609998382419 
417.0347 0.4839304507476596 
417.1521 0.493217861539053 
417.2695 0.4962633837430177 
417.3869 0.5035671851397499 
417.5043 0.504898895574878 
417.6217 0.5154889551007583 
417.7391 0.5250417320270281 
417.8565 0.5332772146208583 
417.974 0.5396382008307534 
418.0914 0.5528036596436522 
418.2088 0.5568085949915679 
418.3262 0.5620894055898442 
418.4436 0.5671875778441993 
418.561 0.5750531575607448 
418.6784 0.5787774605984134 
418.7958 0.5830388624390805 
418.9133 0.5915662034276461 
419.0307 0.597992314515762 
419.1481 0.6115609820806815 
419.2655 0.6241156562950674 
419.3829 0.6428920373478231 
419.5003 0.6463642288550968 
419.6177 0.6612315747500312 
419.7351 0.663172343508587 
419.8526 0.6823769384640324 
419.97 0.6818891976881509 
420.0874 0.6986482869411446 
420.2048 0.709194777708714 
420.3222 0.7261861360478593 
420.4396 0.7271675020527972 
420.557 0.7408556616596214 
420.6745 0.7378964304266648 
420.7919 0.7552074224593703 
420.9093 0.7569034050222267 
421.0267 0.7670904816857687 
421.1441 0.77267127960045 
421.2615 0.7822593649419626 
421.3789 0.7836143913831354 
421.4963 0.7968672555513805 
421.6138 0.7958504937461418 
421.7312 0.8121092265722908 
421.8486 0.812583033380818 
421.966 0.8212142902752265 
422.0834 0.825184975463357 
422.2008 0.8317311185969484 
422.3182 0.8339294964254151 
422.4356 0.8455676341504924 
422.5531 0.845978908510681 
422.6705 0.857232021962627 
422.7879 0.8551995133601858 
422.9053 0.865285588105371 
423.0227 0.8654251071935991 
423.1401 0.8821453483176755 
423.2575 0.883729535672202 
423.3749 0.9037855827855875 
423.4924 0.9025351052822314 
423.6098 0.9195033545601697 
423.7272 0.9237676254320608 
423.8446 0.9361661146664261 
423.962 0.9393649189335721 
424.0794 0.9525510063632749 
424.1968 0.9578008163563424 
424.3143 0.968807170432926 
424.4317 0.9726817369402372 
424.5491 0.9845186961674653 
424.6665 0.9827557640067662 
424.7839 0.9875029781259625 
424.9013 0.9887334909602996 
425.0187 1.0000661605874515 
425.1361 1.0007656026206133 
425.2536 1.0143128203272396 
425.371 1.0143733276698708 
425.4884 1.0269677818687963 
425.6058 1.030909121600648 
425.7232 1.042511391508164 
425.8406 1.0432137624645055 
425.958 1.04681621649215 
426.0754 1.0448360309343219 
426.1929 1.0521629335466127 
426.3103 1.0493783607756844 
426.4277 1.0600920254658948 
426.5451 1.060120151482286 
426.6625 1.071264507427617 
426.7799 1.0714325296921654 
426.8973 1.0860559783292933 
427.0148 1.0823412000925892 
427.1322 1.0944698418930034 
427.2496 1.0919031055439437 
427.367 1.105179724784279 
427.4844 1.1052659724672813 
427.6018 1.1188428248415438 
427.7192 1.1200492875889467 
427.8366 1.1285268905190546 
427.9541 1.130995448693152 
428.0715 1.1432652642573733 
428.1889 1.1461663877819945 
428.3063 1.1598178071307224 
428.4237 1.1572847135643205 
428.5411 1.1659700702912714 
428.6585 1.1627404111000919 
428.7759 1.1705548448803575 
428.8934 1.1681003113760435 
429.0108 1.1794696972343541 
429.1282 1.1785811201722873 
429.2456 1.192861145347873 
429.363 1.1979460967072215 
429.4804 1.2116216908520825 
429.5978 1.213960979295032 
429.7152 1.2223490491417537 
429.8327 1.2255012409934527 
429.9501 1.2327600758058617 
430.0675 1.2271533796908294 
430.1849 1.233380649593177 
430.3023 1.2305491072771406 
430.4197 1.2321683579271534 
430.5371 1.2313950197131536 
430.6546 1.2397669863568381 
430.772 1.2420155531270671 
430.8894 1.2556752507487925 
431.0068 1.2566483087444011 
431.1242 1.2701621290468106 
431.2416 1.271108069434544 
431.359 1.278244005224843 
431.4764 1.2795768405536267 
431.5939 1.2912295252526969 
431.7113 1.2938000792185653 
431.8287 1.3022336838189075 
431.9461 1.2995955088002893 
432.0635 1.3113705280978514 
432.1809 1.3118762373644572 
432.2983 1.3200359802898738 
432.4157 1.3185466084644792 
432.5332 1.3266499780602035 
432.6506 1.3251390280217157 
432.768 1.3357571728588118 
432.8854 1.3365108821054914 
433.0028 1.3450440280169296 
433.1202 1.345041166554353 
433.2376 1.3495496680950727 
433.3551 1.3512712156225366 
433.4725 1.3575434222760852 
433.5899 1.3592938724056216 
433.7073 1.3640890004548085 
433.8247 1.3623733098436932 
433.9421 1.368635354815531 
434.0595 1.3675188711092872 
434.1769 1.3704144817218407 
434.2944 1.3698503867678522 
434.4118 1.3760988273121468 
434.5292 1.3746556633019757 
434.6466 1.3809251098057536 
434.764 1.3813766686614155 
434.8814 1.3851386824119907 
434.9988 1.3845517945688641 
435.1162 1.3881602701590081 
435.2337 1.3850879386526875 
435.3511 1.3886390623822082 
435.4685 1.388701309111542 
435.5859 1.3925937350867 
435.7033 1.3920523594095202 
435.8207 1.397437809158432 
435.9381 1.395737223208516 
436.0555 1.4006285955394258 
436.173 1.4009975023762389 
436.2904 1.4052767452847723 
436.4078 1.404646024682256 
436.5252 1.4080558887917762 
436.6426 1.4061642230523994 
436.76 1.4098956098066875 
436.8774 1.409812556326174 
436.9949 1.4124295043800668 
437.1123 1.408686368431743 
437.2297 1.4108583395733452 
437.3471 1.4109172581141032 
437.4645 1.413165677076818 
437.5819 1.4110548427984972 
437.6993 1.4127437865599348 
437.8167 1.4126970429154007 
437.9342 1.4154024218351688 
438.0516 1.4152692461892682 
438.169 1.4180897563946464 
438.2864 1.4164053465952202 
438.4038 1.4183739643526558 
438.5212 1.4158011978951113 
438.6386 1.416817925844995 
438.756 1.4154904111903968 
438.8735 1.4162237298280806 
438.9909 1.4135587801258898 
439.1083 1.4172992588546476 
439.2257 1.4179254294359191 
439.3431 1.420400035110729 
439.4605 1.4179502978082905 
439.5779 1.4222053062538709 
439.6953 1.4237692874593166 
439.8128 1.4264826704157345 
439.9302 1.427136203941168 
440.0476 1.4300482776765906 
440.165 1.4318291167018489 
440.2824 1.4338921538759726 
440.3998 1.4339495627191454 
440.5172 1.4357049899580776 
440.6347 1.4365095624384945 
440.7521 1.439051618356665 
440.8695 1.439971619103297 
440.9869 1.4441383091422269 
441.1043 1.4442879305379928 
441.2217 1.4481854465938024 
441.3391 1.4469308704875605 
441.4565 1.4474467496141636 
441.574 1.4453318997355293 
441.6914 1.4479700977980778 
441.8088 1.448846324246239 
441.9262 1.4520093046278948 
442.0436 1.4527384515163508 
442.161 1.4543982203844763 
442.2784 1.4538473522734146 
442.3958 1.4554008065438966 
442.5133 1.4548918621435 
442.6307 1.4579772540326434 
442.7481 1.4552638851424793 
442.8655 1.459086830443256 
442.9829 1.4577645873725804 
443.1003 1.4597470019347405 
443.2177 1.4560409380455162 
443.3352 1.4584980478264487 
443.4526 1.4567473598666159 
443.57 1.4590552140093085 
443.6874 1.4574897577700587 
443.8048 1.4609124287915274 
443.9222 1.4597248330816655 
444.0396 1.4627228872584574 
444.157 1.4598642368877073 
444.2745 1.4632324703298043 
444.3919 1.4614900659454686 
444.5093 1.4653065464559532 
444.6267 1.4626113433630765 
444.7441 1.4665377134778386 
444.8615 1.4646157971903826 
444.9789 1.4668116413926384 
445.0963 1.4622978440620957 
445.2138 1.4655284126331312 
445.3312 1.4627028346412374 
445.4486 1.4643519910530738 
445.566 1.461308678422876 
445.6834 1.4634584443144054 
445.8008 1.4575855047862198 
445.9182 1.4594526569485315 
446.0356 1.456977383037701 
446.1531 1.4603430278565042 
446.2705 1.4584181718101232 
446.3879 1.460314934539437 
446.5053 1.4529318450063489 
446.6227 1.4531059601353755 
446.7401 1.451839741095388 
446.8575 1.4557482926970264 
446.975 1.4511532611216462 
447.0924 1.4523272464199333 
447.2098 1.4468912701820142 
447.3272 1.4488653441326995 
447.4446 1.4445708902065235 
447.562 1.4489581127523758 
447.6794 1.4454166896607012 
447.7968 1.447377475210835 
447.9143 1.4418498005750708 
448.0317 1.4434136802955835 
448.1491 1.441264213060971 
448.2665 1.4428231715482984 
448.3839 1.4408468402455448 
448.5013 1.4432424080294295 
448.6187 1.4425651494328198 
448.7361 1.4463670163504905 
448.8536 1.4424161217180862 
448.971 1.4429447666810291 
449.0884 1.4412014423444892 
449.2058 1.440877310715395 
449.3232 1.4348412263508474 
449.4406 1.4369143823484674 
449.558 1.4321208191417054 
449.6754 1.4313290876817202 
449.7929 1.4294039775098186 
449.9103 1.4310677405690033 
450.0277 1.4332843058047215 
450.1451 1.4344690467926735 
450.2625 1.432023655546064 
450.3799 1.4339516921355293 
450.4973 1.4309820560801745 
450.6148 1.4313479868970753 
450.7322 1.428414429582249 
450.8496 1.428638918913251 
450.967 1.4279322388508955 
451.0844 1.4298777007269476 
451.2018 1.4269445701994639 
451.3192 1.4285868159203536 
451.4366 1.4283772956855127 
451.5541 1.4298865397599074 
451.6715 1.4248944796908563 
451.7889 1.426308898870671 
451.9063 1.4218841579426265 
452.0237 1.419367675238171 
452.1411 1.4140854453859633 
452.2585 1.412727604628048 
452.3759 1.4092484113425718 
452.4934 1.4088866401540636 
452.6108 1.4046386529484292 
452.7282 1.4048536448566338 
452.8456 1.4012214956293543 
452.963 1.4009176681228268 
453.0804 1.3975770806829437 
453.1978 1.400461609901885 
453.3153 1.3986747903819703 
453.4327 1.3987567359302675 
453.5501 1.3944231035817298 
453.6675 1.3969256628680065 
453.7849 1.3939614061891572 
453.9023 1.3944247030636843 
454.0197 1.3902323056913442 
454.1371 1.3886359932402177 
454.2546 1.3819500554919517 
454.372 1.3807800974435058 
454.4894 1.3779348247914494 
454.6068 1.3793997430080582 
454.7242 1.3784612530676972 
454.8416 1.378684117458931 
454.959 1.3765734647618102 
455.0764 1.3772782594256738 
455.1939 1.373764890552072 
455.3113 1.3733957148201912 
455.4287 1.3662586283298455 
455.5461 1.3630107667421616 
455.6635 1.3556914216713818 
455.7809 1.3542339279388709 
455.8983 1.3484126137306789 
456.0157 1.3474338590233719 
456.1332 1.3466719856185532 
456.2506 1.3470760148672791 
456.368 1.3453502469349612 
456.4854 1.3445915440898342 
456.6028 1.3407397365754035 
456.7202 1.33976923701626 
456.8376 1.3321873280415448 
456.9551 1.330542386682052 
457.0725 1.3234957829348872 
457.1899 1.3218144327722545 
457.3073 1.315198060025691 
457.4247 1.3138012369592478 
457.5421 1.3079019836740031 
457.6595 1.3064641217850474 
457.7769 1.2998194152965306 
457.8944 1.301323145889992 
458.0118 1.2972690054124225 
458.1292 1.2985248129867568 
458.2466 1.2915983267837585 
458.364 1.2886564362527366 
458.4814 1.2829188524626454 
458.5988 1.2840507512217545 
458.7162 1.2807437729509645 
458.8337 1.2805159107014745 
458.9511 1.2712884650712701 
459.0685 1.2706565954627083 
459.1859 1.2649487522147405 
459.3033 1.260365313923905 
459.4207 1.2532546744223076 
459.5381 1.2500571623301497 
459.6555 1.244235410198497 
459.773 1.2431380036451145 
459.8904 1.2376129772312685 
460.0078 1.2343026280187994 
460.1252 1.2277755237485581 
460.2426 1.2287646954437588 
460.36 1.2224472886292679 
460.4774 1.2206850385916534 
460.5949 1.2197170680878209 
460.7123 1.2189759373193954 
460.8297 1.2111257961498458 
460.9471 1.2062256337049022 
461.0645 1.199289619961911 
461.1819 1.200427987771779 
461.2993 1.195915431477966 
461.4167 1.1933411678154344 
461.5342 1.1889414883461114 
461.6516 1.1859706779316732 
461.769 1.1771730291872922 
461.8864 1.175248654703943 
462.0038 1.1678035575024024 
462.1212 1.1684467258841387 
462.2386 1.1645045099286366 
462.356 1.1644586533683075 
462.4735 1.1542275050961819 
462.5909 1.1533984324795872 
462.7083 1.1414935625708795 
462.8257 1.140245500418325 
462.9431 1.1293624488653151 
463.0605 1.126430030008826 
463.1779 1.1154955827024198 
463.2954 1.1172395531940367 
463.4128 1.106999186431853 
463.5302 1.1040809447389675 
463.6476 1.0944842946107083 
463.765 1.0945484798651701 
463.8824 1.0839301080995845 
463.9998 1.082808542685089 
464.1172 1.0769847248839464 
464.2347 1.0782203262612342 
464.3521 1.070322144427475 
464.4695 1.0669011654312905 
464.5869 1.0582777242946 
464.7043 1.0564164728309822 
464.8217 1.045565124057418 
464.9391 1.0410978502757373 
465.0565 1.03549492588315 
465.174 1.0363265624113813 
465.2914 1.0339124459300086 
465.4088 1.0320468843328967 
465.5262 1.0183641112874322 
465.6436 1.0127446244503042 
465.761 1.0042096944942884 
465.8784 1.00882943106891 
465.9958 1.0005288258451681 
466.1133 0.9981955713786852 
466.2307 0.9884228211162676 
466.3481 0.9887699509225429 
466.4655 0.9759658832534719 
466.5829 0.9678812643110942 
466.7003 0.9590781599396647 
466.8177 0.9596377499078198 
466.9352 0.9531179030838043 
467.0526 0.9480236765370516 
467.17 0.9350244319175955 
467.2874 0.9347014975456049 
467.4048 0.9252901858549833 
467.5222 0.9155721802625393 
467.6396 0.9056415288077387 
467.757 0.9097015576407044 
467.8745 0.9043455367247365 
467.9919 0.905488385222187 
468.1093 0.8965156643250524 
468.2267 0.8965555016034484 
468.3441 0.8876247052870105 
468.4615 0.8858774427719006 
468.5789 0.8752187550584113 
468.6963 0.8709593242856497 
468.8138 0.8622141499206915 
468.9312 0.8617498729394517 
469.0486 0.8571246646066966 
469.166 0.858708146141772 
469.2834 0.8528892125866863 
469.4008 0.8518236026406736 
469.5182 0.8436341755299127 
469.6357 0.84192032322896 
469.7531 0.8370625580774649 
469.8705 0.8387800301065407 
469.9879 0.8330836889503923 
470.1053 0.8295438751796304 
470.2227 0.8184181456578584 
470.3401 0.8166833872090629 
470.4575 0.8093567301653174 
470.575 0.8130707326568266 
470.6924 0.8039601502296988 
470.8098 0.7996478893912926 
470.9272 0.7856709278397467 
471.0446 0.7791009272757019 
471.162 0.7716403545914069 
471.2794 0.7730055402894976 
471.3968 0.7692736805334883 
471.5143 0.76968449445629 
471.6317 0.7588629275605097 
471.7491 0.7600873256809338 
471.8665 0.7542803827025316 
471.9839 0.7525805713284505 
472.1013 0.7460953893290775 
472.2187 0.7471157740106317 
472.3361 0.7423457947900305 
472.4536 0.7388730853016241 
472.571 0.731513350631673 
472.6884 0.7300165745253517 
472.8058 0.7250771201929259 
472.9232 0.7250148413904743 
473.0406 0.7188913575175563 
473.158 0.7191349212742932 
473.2755 0.7154624768332334 
473.3929 0.713400119868818 
473.5103 0.7063964855185827 
473.6277 0.7054695642375709 
473.7451 0.7028916394275929 
473.8625 0.6963043882605684 
473.9799 0.6866421960395821 
474.0973 0.6830778059791783 
474.2148 0.6807486484726262 
474.3322 0.6827613795645722 
474.4496 0.6812470443602202 
474.567 0.6814382342110031 
474.6844 0.6754944693321021 
474.8018 0.6737118047467536 
474.9192 0.6704723209023941 
475.0366 0.6724177704457407 
475.1541 0.6680017356530831 
475.2715 0.6680708795992665 
475.3889 0.6625430314337495 
475.5063 0.6587998106942508 
475.6237 0.6514093161040114 
475.7411 0.6479678603712713 
475.8585 0.6419837476692777 
475.9759 0.6423943351723161 
476.0934 0.6375942972347555 
476.2108 0.6383382418227922 
476.3282 0.6346694743721558 
476.4456 0.6355745586821715 
476.563 0.6324368575121108 
476.6804 0.628706727736281 
476.7978 0.6258984311683562 
476.9153 0.6270405516173786 
477.0327 0.6223458221739908 
477.1501 0.6211932139235965 
477.2675 0.6163039065514027 
477.3849 0.6119581295631341 
477.5023 0.6082792497252063 
477.6197 0.6090986986488854 
477.7371 0.6069393652974261 
477.8546 0.6054933211712166 
477.972 0.5973083803071458 
478.0894 0.5976504335490517 
478.2068 0.5920473121298497 
478.3242 0.5892755627665055 
478.4416 0.584417664491981 
478.559 0.5840025849675148 
478.6764 0.5823147924432646 
478.7939 0.5802987931711485 
478.9113 0.5755783617444631 
479.0287 0.5777475715349887 
479.1461 0.5764514328726362 
479.2635 0.5771531225200108 
479.3809 0.5735720495137704 
479.4983 0.5702227135452145 
479.6158 0.5649852684763761 
479.7332 0.5632360224583385 
479.8506 0.5616281387720237 
479.968 0.5629783926084124 
480.0854 0.5606566463218892 
480.2028 0.5581824499302827 
480.3202 0.5546154711982005 
480.4376 0.5542884027142148 
480.5551 0.5460165079310312 
480.6725 0.5458662882830058 
480.7899 0.5388437514928051 
480.9073 0.5368171026641401 
481.0247 0.5335283313326282 
481.1421 0.5361453580282869 
481.2595 0.5355065683020115 
481.3769 0.5324389832090632 
481.4944 0.525613383537528 
481.6118 0.5255718428141843 
481.7292 0.524876151448265 
481.8466 0.5264499958524635 
481.964 0.5285098038197433 
482.0814 0.5317397296414692 
482.1988 0.5277907353448439 
482.3162 0.5247816523982146 
482.4337 0.5165217095300254 
482.5511 0.5142994047776 
482.6685 0.5087247560019769 
482.7859 0.5075234149083279 
482.9033 0.5047727454254998 
483.0207 0.5077207963637216 
483.1381 0.502351709279341 
483.2556 0.5019223910034899 
483.373 0.4997700189669358 
483.4904 0.49912703905589734 
483.6078 0.4967773973510676 
483.7252 0.4928676527453842 
483.8426 0.4925249666799725 
483.96 0.4952803308387387 
484.0774 0.49282478109921984 
484.1949 0.4917666417734177 
484.3123 0.49173705818107816 
484.4297 0.49122472301257425 
484.5471 0.4880662462936291 
484.6645 0.48809477267878587 
484.7819 0.4901261861132755 
484.8993 0.4942610544712183 
485.0167 0.49588367306908704 
485.1342 0.4906831690999487 
485.2516 0.48580937609629155 
485.369 0.48602153108184426 
485.4864 0.4853440168285355 
485.6038 0.48413206418854265 
485.7212 0.48347830665870384 
485.8386 0.48484163692854304 
485.956 0.48307487817924716 
486.0735 0.4827291981948085 
486.1909 0.4830609093260893 
486.3083 0.4843423783574802 
486.4257 0.48224622888876695 
486.5431 0.4814298736497152 
486.6605 0.48229307591722476 
486.7779 0.4862315888800548 
486.8954 0.48705314106956094 
487.0128 0.4845337128175094 
487.1302 0.48183152727157186 
487.2476 0.4832362203276309 
487.365 0.4840065826692931 
487.4824 0.48674704343202324 
487.5998 0.4851187913672596 
487.7172 0.4844559052896828 
487.8347 0.48537812061815677 
487.9521 0.4838427715351238 
488.0695 0.48621065837740746 
488.1869 0.4865961865118859 
488.3043 0.48436598959052374 
488.4217 0.48612852631486403 
488.5391 0.48596849183856833 
488.6565 0.4840363733288214 
488.774 0.4837538603591656 
488.8914 0.484052459057849 
489.0088 0.48734214403495724 
489.1262 0.4890385098334105 
489.2436 0.4905327340953902 
489.361 0.490582034852125 
489.4784 0.48842509405282963 
489.5959 0.4848482812567667 
489.7133 0.4810586513995986 
489.8307 0.48084212209170296 
489.9481 0.48348259639001634 
490.0655 0.4876813518801207 
490.1829 0.4901185918987469 
490.3003 0.4924505419544809 
490.4177 0.4939124296616759 
490.5352 0.4967098673726648 
490.6526 0.4975835357667486 
490.77 0.4964288135929633 
490.8874 0.49357704491381366 
491.0048 0.49461244054772524 
491.1222 0.49634503768745397 
491.2396 0.4980882773157558 
491.357 0.49634716290319214 
491.4745 0.4954826354021932 
491.5919 0.4974572473858138 
491.7093 0.4981114854795394 
491.8267 0.4970454823046527 
491.9441 0.4993576754814264 
492.0615 0.4999932654179482 
492.1789 0.49968570484950675 
492.2963 0.49841790133528824 
492.4138 0.49681121359968156 
492.5312 0.49977226410937253 
492.6486 0.5021025867071391 
492.766 0.5058159426828238 
492.8834 0.5081983103402222 
493.0008 0.5077410344864066 
493.1182 0.5052091470807901 
493.2357 0.503677352069755 
493.3531 0.5041041836617374 
493.4705 0.5059613793986207 
493.5879 0.5098032517294153 
493.7053 0.5109933673062018 
493.8227 0.5104731157415117 
493.9401 0.5106603341424795 
494.0575 0.5129341828296171 
494.175 0.5166725285673891 
494.2924 0.519590162993926 
494.4098 0.5201152146143325 
494.5272 0.5194580967406051 
494.6446 0.5219301074146858 
494.762 0.5241851826688393 
494.8794 0.5252017606451003 
494.9968 0.5237624989261422 
495.1143 0.5234794831221343 
495.2317 0.5257962704455482 
495.3491 0.5291605864319741 
495.4665 0.5298769347247813 
495.5839 0.5285830577479006 
495.7013 0.5289009115557336 
495.8187 0.5291796551736001 
495.9362 0.5314559638162774 
496.0536 0.532061559038291 
496.171 0.532171858044945 
496.2884 0.5346552370369635 
496.4058 0.5339406776074749 
496.5232 0.537305380106295 
496.6406 0.537751254738735 
496.758 0.5403213735832606 
496.8755 0.5435160486420904 
496.9929 0.5466209204364874 
497.1103 0.5460620597067924 
497.2277 0.5482719879726599 
497.3451 0.548107194876691 
497.4625 0.5460413031029806 
497.5799 0.5470101373278473 
497.6973 0.5504349440043764 
497.8148 0.5533375288465302 
497.9322 0.5510960544338179 
498.0496 0.5527629530423086 
498.167 0.5566276515388787 
498.2844 0.5574148136242217 
498.4018 0.558395127221383 
498.5192 0.5592135630578433 
498.6366 0.5563856344353818 
498.7541 0.5555486988988632 
498.8715 0.5578474186761414 
498.9889 0.5592489835192209 
499.1063 0.5589312790896493 
499.2237 0.5606760106489438 
499.3411 0.5644689159886963 
499.4585 0.5682891231985315 
499.576 0.5705360350609922 
499.6934 0.5704430830523834 
499.8108 0.5696831488248553 
499.9282 0.5693871715580462 
500.0456 0.5728777263468892 
500.163 0.5751410672162378 
500.2804 0.5780519361639075 
500.3978 0.5766779127444489 
500.5153 0.5741549888598114 
500.6327 0.574121567557286 
500.7501 0.5740585668933122 
500.8675 0.576286408571014 
500.9849 0.5827827738873591 
501.1023 0.5823478230931922 
501.2197 0.5835579334600692 
501.3371 0.5847731205918184 
501.4546 0.5890891530409181 
501.572 0.5916745550243268 
501.6894 0.5966359222037233 
501.8068 0.5998363998139926 
501.9242 0.6038880482137798 
502.0416 0.6049928924740182 
502.159 0.6050165008613098 
502.2764 0.6005752319122004 
502.3939 0.5979250883142679 
502.5113 0.6009453569704671 
502.6287 0.6063615213982706 
502.7461 0.6076411260097516 
502.8635 0.6102594266847582 
502.9809 0.6124964043611014 
503.0983 0.6200839667533062 
503.2158 0.6240662550158893 
503.3332 0.6289861016520407 
503.4506 0.6260910769401613 
503.568 0.626129793865223 
503.6854 0.6244160908151972 
503.8028 0.6295634340581819 
503.9202 0.6312750740220697 
504.0376 0.6338574992356057 
504.1551 0.6394478735724881 
504.2725 0.6368958753773467 
504.3899 0.6377323825926496 
504.5073 0.6355571145296771 
504.6247 0.6382426234673738 
504.7421 0.643456823766073 
504.8595 0.6473649173058005 
504.9769 0.6498812131855868 
505.0944 0.6521118025071471 
505.2118 0.6485199346701405 
505.3292 0.6462719509659919 
505.4466 0.6501702165952047 
505.564 0.6533127645182191 
505.6814 0.6527379266753517 
505.7988 0.6487685225005468 
505.9163 0.6506474768653246 
506.0337 0.6569459215867264 
506.1511 0.6614915548525905 
506.2685 0.6645225433655374 
506.3859 0.666471084924377 
506.5033 0.6697083172828673 
506.6207 0.6685251151495589 
506.7381 0.667425418493773 
506.8556 0.6668046116014437 
506.973 0.6659080479126491 
507.0904 0.6678254700621324 
507.2078 0.6669657960367518 
507.3252 0.6664645590378283 
507.4426 0.6655292567024187 
507.56 0.6714414504184196 
507.6774 0.6759082523235976 
507.7949 0.6790341210722255 
507.9123 0.6805743100007977 
508.0297 0.6833689478703947 
508.1471 0.6891394599563715 
508.2645 0.691834763661985 
508.3819 0.691722836368466 
508.4993 0.6893567469402813 
508.6167 0.6826745503935643 
508.7342 0.6808714029165303 
508.8516 0.6813493053916863 
508.969 0.6859684453456938 
509.0864 0.6905718852674603 
509.2038 0.6894503965892688 
509.3212 0.6861728074780808 
509.4386 0.6908316722286013 
509.5561 0.6949099792846283 
509.6735 0.6975544322313811 
509.7909 0.6997825891940125 
509.9083 0.7045184356003723 
510.0257 0.7054089238712483 
510.1431 0.7067073979516221 
510.2605 0.7081480206661139 
510.3779 0.7067028411872249 
510.4954 0.7052611008086347 
510.6128 0.7106884407661705 
510.7302 0.7142664809675577 
510.8476 0.7159804223658068 
510.965 0.7163559791273612 
511.0824 0.7154787838604063 
511.1998 0.7154363392559019 
511.3172 0.7168091891417155 
511.4347 0.7177210768172094 
511.5521 0.7224168819682603 
511.6695 0.7247867501643581 
511.7869 0.7273716135847726 
511.9043 0.7264461417231782 
512.0217 0.7261951809159363 
512.1391 0.7291918983458436 
512.2565 0.7314848277849996 
512.374 0.7309408423692232 
512.4914 0.7317239612149786 
512.6088 0.7342938710978592 
512.7262 0.7361886502509953 
512.8436 0.7367929277182297 
512.961 0.7342462072784129 
513.0784 0.731313860621437 
513.1959 0.7315576848561767 
513.3133 0.7296222504175461 
513.4307 0.7296166404723939 
513.5481 0.7327962202650274 
513.6655 0.7379362657205687 
513.7829 0.741517322328761 
513.9003 0.7405849159967081 
514.0177 0.7402214894578879 
514.1352 0.7407297015719292 
514.2526 0.7380579679870755 
514.37 0.7401548034415156 
514.4874 0.7427879542669454 
514.6048 0.7466005315133919 
514.7222 0.7466568060467739 
514.8396 0.748243822050199 
514.957 0.7469281131331346 
515.0745 0.7530581593300288 
515.1919 0.7582698534863113 
515.3093 0.751578103615084 
515.4267 0.7404743433960636 
515.5441 0.7397916921090291 
515.6615 0.7471119176752742 
515.7789 0.7505429917821409 
515.8964 0.7458944364461995 
516.0138 0.7437726060506143 
516.1312 0.7436134330711438 
516.2486 0.746009635795252 
516.366 0.7452109365663211 
516.4834 0.7463009634394063 
516.6008 0.7514598358804884 
516.7182 0.7505169861838751 
516.8357 0.7504964920102905 
516.9531 0.7531982635071917 
517.0705 0.7531786642451825 
517.1879 0.7485407792150547 
517.3053 0.7422001567684114 
517.4227 0.7413817473733856 
517.5401 0.7437525907610683 
517.6575 0.7482952357241675 
517.775 0.7571886444036706 
517.8924 0.7610090485889668 
518.0098 0.7575947059683501 
518.1272 0.7520713821595482 
518.2446 0.7514506115764347 
518.362 0.7467648964199088 
518.4794 0.7469053517645465 
518.5968 0.7521556282721827 
518.7143 0.7525736736240358 
518.8317 0.7477601318890961 
518.9491 0.7441290770690364 
519.0665 0.7441713071225828 
519.1839 0.7467011446728639 
519.3013 0.7526241818503956 
519.4187 0.757467484613759 
519.5362 0.7538239993973008 
519.6536 0.7519614097627957 
519.771 0.7493521624472532 
519.8884 0.7528839319626387 
520.0058 0.7568297023927261 
520.1232 0.7600326671878583 
520.2406 0.7578103146258164 
520.358 0.750592874314808 
520.4755 0.7454904102451084 
520.5929 0.7397806453833584 
520.7103 0.7458682579957823 
520.8277 0.7525357208160536 
520.9451 0.7541624130142984 
521.0625 0.7562857544954563 
521.1799 0.7618967499156339 
521.2973 0.7631086929078037 
521.4148 0.7628765890860197 
521.5322 0.7615921885952948 
521.6496 0.7640863899163575 
521.767 0.7649853296445003 
521.8844 0.7678995116444447 
522.0018 0.7675689732953137 
522.1192 0.7774395942280709 
522.2367 0.7814762444386725 
522.3541 0.7769790907331787 
522.4715 0.7708463536109027 
522.5889 0.7675990238023248 
522.7063 0.7739594431898571 
522.8237 0.7818594456981007 
522.9411 0.7824331053037928 
523.0585 0.7800646485748218 
523.176 0.7793160567550067 
523.2934 0.7810930484588758 
523.4108 0.7805719551285426 
523.5282 0.7832744842668421 
523.6456 0.7820583756545295 
523.763 0.775043089686023 
523.8804 0.7704425728494962 
523.9978 0.7713391963466547 
524.1153 0.7756654961057695 
524.2327 0.7761565908694764 
524.3501 0.7728014178659202 
524.4675 0.771089920434322 
524.5849 0.7720578207986025 
524.7023 0.7701845701554875 
524.8197 0.7651855939565113 
524.9371 0.7638950653256018 
525.0546 0.7672061403212491 
525.172 0.7728813813228808 
525.2894 0.7744668703128105 
525.4068 0.7763953317191122 
525.5242 0.77512102802108 
525.6416 0.7724570482523208 
525.759 0.7680481027840997 
525.8765 0.767025310039955 
525.9939 0.7678152343694313 
526.1113 0.7705932380059878 
526.2287 0.7735007100681512 
526.3461 0.7771584071079916 
526.4635 0.7770637891146942 
526.5809 0.7788273715198983 
526.6983 0.7814486782014464 
526.8158 0.7788550997010825 
526.9332 0.7749496807251114 
527.0506 0.773135255979971 
527.168 0.7727145498834098 
527.2854 0.775073805578677 
527.4028 0.772983051122604 
527.5202 0.7702986736849727 
527.6376 0.7679079925848511 
527.7551 0.7678233815888991 
527.8725 0.7707560449755168 
527.9899 0.7750432037297506 
528.1073 0.7808981104736508 
528.2247 0.785635943137156 
528.3421 0.7814490214417709 
528.4595 0.7774209716508166 
528.5769 0.7771075915284206 
528.6944 0.7804965648760703 
528.8118 0.7798423315496931 
528.9292 0.7781246036258197 
529.0466 0.7773637804969459 
529.164 0.7743824001195867 
529.2814 0.7724162910898147 
529.3988 0.7725497894243818 
529.5163 0.7718374131643932 
529.6337 0.7692096835093227 
529.7511 0.7742132526119719 
529.8685 0.7776588434042936 
529.9859 0.779001014970722 
530.1033 0.7768812690387974 
530.2207 0.7793386364896274 
530.3381 0.7809663583942341 
530.4556 0.7858876129958999 
530.573 0.78248761216909 
530.6904 0.7749471894173396 
530.8078 0.7703855753598847 
530.9252 0.7744533794101282 
531.0426 0.7786183845325185 
531.16 0.7766159108818357 
531.2774 0.7709429465345694 
531.3949 0.7694177680303308 
531.5123 0.7709482900717985 
531.6297 0.7736933155259418 
531.7471 0.7799084212506419 
531.8645 0.7776792179651726 
531.9819 0.7760166702904391 
532.0993 0.7738714047990447 
532.2168 0.7693190447512797 
532.3342 0.7675170279490833 
532.4516 0.7679927623365232 
532.569 0.7686318223305422 
532.6864 0.7661317696597039 
532.8038 0.76893408407574 
532.9212 0.7691939529174735 
533.0386 0.76685263113421 
533.1561 0.766733090433836 
533.2735 0.767748647289043 
533.3909 0.7655241836028183 
533.5083 0.7643843587421691 
533.6257 0.765716544065899 
533.7431 0.7651671247364672 
533.8605 0.7649944725908462 
533.9779 0.7722505315844072 
534.0954 0.7724028014185244 
534.2128 0.7687389143783109 
534.3302 0.7668333640391805 
534.4476 0.7666599148655431 
534.565 0.7645503120766141 
534.6824 0.7624993960799292 
534.7998 0.7686424679312551 
534.9172 0.7681113170929361 
535.0347 0.7670943423631413 
535.1521 0.768132799222232 
535.2695 0.7686856524800263 
535.3869 0.7709272484083717 
535.5043 0.7717030139151829 
535.6217 0.7667156508910502 
535.7391 0.7594541861446391 
535.8566 0.7583534731316831 
535.974 0.7663697910029096 
536.0914 0.7690328055121374 
536.2088 0.7692066504389108 
536.3262 0.7699247100554346 
536.4436 0.772339118130922 
536.561 0.771474439399493 
536.6784 0.7712668326931444 
536.7959 0.7643986765480868 
536.9133 0.7592366393609843 
537.0307 0.7611050909232262 
537.1481 0.7653439879726219 
537.2655 0.7654249782054836 
537.3829 0.7674744211385951 
537.5003 0.7674723647489975 
537.6177 0.7654179593134314 
537.7352 0.7603316628298924 
537.8526 0.7581021876418823 
537.97 0.7561479747697236 
538.0874 0.759048354523473 
538.2048 0.7620787679864133 
538.3222 0.7609020650408761 
538.4396 0.7565547414569949 
538.557 0.7577120310152691 
538.6745 0.7613730757909173 
538.7919 0.7606236834652697 
538.9093 0.7600882956598414 
539.0267 0.7600320162385358 
539.1441 0.7598693419104985 
539.2615 0.7630712964335226 
539.3789 0.7609286332229145 
539.4964 0.7579492678124271 
539.6138 0.7526878648048622 
539.7312 0.7548835484693935 
539.8486 0.7563855348852223 
539.966 0.7576743484380261 
540.0834 0.7561633427697012 
540.2008 0.7573457164400813 
540.3182 0.7538395093896025 
540.4357 0.7501576846566366 
540.5531 0.7488827196692774 
540.6705 0.7521753263494914 
540.7879 0.7521956642917887 
540.9053 0.7521638258102273 
541.0227 0.7496359740963804 
541.1401 0.7489828506341432 
541.2575 0.7490028851281288 
541.375 0.7490228953794701 
541.4924 0.7472358977234808 
541.6098 0.7444845423131702 
541.7272 0.744401897889842 
541.8446 0.7448819030732332 
541.962 0.7459268095775582 
542.0794 0.746923264173476 
542.1969 0.7468401400161309 
542.3143 0.7477875614685643 
542.4317 0.7445943791840968 
542.5491 0.745111430846901 
542.6665 0.7413453633249104 
542.7839 0.744763328151701 
542.9013 0.7525232490158615 
543.0187 0.7599656252205939 
543.1362 0.7592780106210901 
543.2536 0.7485888626678397 
543.371 0.7415296334667774 
543.4884 0.7413322198299709 
543.6058 0.7395682733015437 
543.7232 0.739321683051028 
543.8406 0.7393271603132581 
543.958 0.737824102577067 
544.0755 0.7322521707925749 
544.1929 0.729942669976943 
544.3103 0.7259441714465628 
544.4277 0.7261933490387651 
544.5451 0.7275628116626951 
544.6625 0.7347107082883327 
544.7799 0.743626080221276 
544.8973 0.7510403342547732 
545.0148 0.7466470208500405 
545.1322 0.7414442632294231 
545.2496 0.7373638010966735 
545.367 0.7357136090510655 
545.4844 0.7338722771330258 
545.6018 0.7336232442491696 
545.7192 0.7335230466219479 
545.8367 0.73198866995901 
545.9541 0.7328771534765977 
546.0715 0.7379077438038615 
546.1889 0.7336675615640614 
546.3063 0.7285456149466508 
546.4237 0.7289359444338129 
546.5411 0.7299642597210401 
546.6585 0.7317839374487549 
546.776 0.7318322211723012 
546.8934 0.7299120332471751 
547.0108 0.7272215569273955 
547.1282 0.7268796439037416 
547.2456 0.7257123294465652 
547.363 0.7274620992939933 
547.4804 0.7317765853760422 
547.5978 0.7366921132861524 
547.7153 0.7328065509654598 
547.8327 0.7227949082826963 
547.9501 0.7174828806456134 
548.0675 0.7203321448734235 
548.1849 0.7260110713495721 
548.3023 0.728538184533894 
548.4197 0.7319218034227795 
548.5372 0.7323590011851197 
548.6546 0.7326978449461504 
548.772 0.7271401290004916 
548.8894 0.724751554572196 
549.0068 0.7216092038090022 
549.1242 0.7155068905989754 
549.2416 0.7130050068247402 
549.359 0.7088479245334223 
549.4765 0.7078210384593945 
549.5939 0.7104097349905062 
549.7113 0.7114735013013719 
549.8287 0.7152677824798919 
549.9461 0.7150234652047011 
550.0635 0.7128985262100669 
550.1809 0.70934352983688 
550.2983 0.7068696673648395 
550.4158 0.7062927369797841 
550.5332 0.7065451610259691 
550.6506 0.7098082250673274 
550.768 0.7085307576040937 
550.8854 0.7041765968943484 
551.0028 0.7076958847847588 
551.1202 0.7135948858387817 
551.2376 0.7148432039125164 
551.3551 0.709572040420347 
551.4725 0.7037817430228551 
551.5899 0.6994825745234479 
551.7073 0.7042831864981538 
551.8247 0.7074820930739035 
551.9421 0.7043267893249838 
552.0595 0.7009263302112608 
552.177 0.696749165155876 
552.2944 0.6959180813250505 
552.4118 0.7042764047960596 
552.5292 0.7052167053729252 
552.6466 0.703724198759711 
552.764 0.699647760018232 
552.8814 0.6984859505688896 
552.9988 0.6945263632804197 
553.1163 0.6937574707931398 
553.2337 0.6944599801627869 
553.3511 0.6925347236953798 
553.4685 0.6954220778511548 
553.5859 0.6964430545572969 
553.7033 0.6913481502839723 
553.8207 0.6918685650969313 
553.9381 0.694618465680079 
554.0556 0.6920233608179341 
554.173 0.6986910509120023 
554.2904 0.6989526665893702 
554.4078 0.6988067238081075 
554.5252 0.693670346876653 
554.6426 0.6943744242826547 
554.76 0.6972391412009177 
554.8774 0.6924335992381336 
554.9949 0.6868147090778248 
555.1123 0.6848805263999457 
555.2297 0.6937383056520553 
555.3471 0.6859465341729636 
555.4645 0.6872282929481887 
555.5819 0.6840339160260149 
555.6993 0.6914601750715937 
555.8168 0.6909676269839803 
555.9342 0.6922988023638702 
556.0516 0.6825348275808241 
556.169 0.678863397173762 
556.2864 0.6790282937638669 
556.4038 0.6861367434050275 
556.5212 0.6822944876398832 
556.6386 0.6840278729841972 
556.7561 0.6793881564442891 
556.8735 0.680458873127978 
556.9909 0.6816634924581487 
557.1083 0.6801871039031612 
557.2257 0.6792754696328901 
557.3431 0.6731246546977689 
557.4605 0.6745150220216558 
557.5779 0.6799885522666139 
557.6954 0.6762884402600581 
557.8128 0.6769653112387891 
557.9302 0.6788474505931145 
558.0476 0.6807363920456752 
558.165 0.6770767166085881 
558.2824 0.6777219835333678 
558.3998 0.6772947300562978 
558.5173 0.6765680924297595 
558.6347 0.6740536072866606 
558.7521 0.6744802558007797 
558.8695 0.6755045876350523 
558.9869 0.6760188586434807 
559.1043 0.6773486774718988 
559.2217 0.6785547889254853 
559.3391 0.6730856037635178 
559.4566 0.670047502021574 
559.574 0.6723256346335438 
559.6914 0.6699652886941447 
559.8088 0.6750477963851291 
559.9262 0.671610426136321 
560.0436 0.6679144479248017 
560.161 0.6693388685570069 
560.2784 0.6692557706860587 
560.3959 0.6697604795702052 
560.5133 0.6698874892592535 
560.6307 0.669524866499762 
560.7481 0.6654066184237872 
560.8655 0.6619127632639265 
560.9829 0.6618452301088729 
561.1003 0.6642084396037966 
561.2177 0.6614640322479032 
561.3352 0.6625055097412164 
561.4526 0.6640460276460287 
561.57 0.6637302541627735 
561.6874 0.659110594146981 
561.8048 0.6587992753038965 
561.9222 0.6577978586010504 
562.0396 0.6575282342634041 
562.1571 0.6569349143962462 
562.2745 0.6588158849761366 
562.3919 0.6587081381571553 
562.5093 0.655443021975107 
562.6267 0.6538494805509617 
562.7441 0.6578976054464635 
562.8615 0.6618732215919878 
562.9789 0.6620522080482814 
563.0964 0.6580215798218817 
563.2138 0.6558846997611597 
563.3312 0.6549645892433194 
563.4486 0.6525253452360502 
563.566 0.6523718782112686 
563.6834 0.6532980158315418 
563.8008 0.6520650568600895 
563.9182 0.6520313925371689 
564.0357 0.6510413609970382 
564.1531 0.6546888537124248 
564.2705 0.6565519362475507 
564.3879 0.6536170975090151 
564.5053 0.6478966370320046 
564.6227 0.6462898561082683 
564.7401 0.6477109363247887 
564.8575 0.647992622471592 
564.975 0.6454048660043684 
565.0924 0.6428371794131474 
565.2098 0.6396349702507376 
565.3272 0.6366542140376905 
565.4446 0.635327744694207 
565.562 0.6370440139424549 
565.6794 0.6388467057912023 
565.7969 0.6357577499195914 
565.9143 0.6303534724227715 
566.0317 0.6279189138631742 
566.1491 0.6267563484405699 
566.2665 0.6260399542181524 
566.3839 0.6258404751041738 
566.5013 0.6236588897973676 
566.6187 0.61931930575068 
566.7362 0.6198817719297084 
566.8536 0.6214613325919114 
566.971 0.6226841251045134 
567.0884 0.6199801845311796 
567.2058 0.616475351635267 
567.3232 0.6154954819043468 
567.4406 0.6170530249930793 
567.558 0.6171809199792386 
567.6755 0.6183511112764543 
567.7929 0.6184076454242832 
567.9103 0.6174931850007589 
568.0277 0.6185207729973138 
568.1451 0.6205296269802292 
568.2625 0.6188864244618488 
568.3799 0.6187266732415568 
568.4974 0.619016568801146 
568.6148 0.62037449843006 
568.7322 0.620321562033326 
568.8496 0.6180664215422174 
568.967 0.6150790107557761 
569.0844 0.6158476870521642 
569.2018 0.6167255543223606 
569.3192 0.6163873293075555 
569.4367 0.6160138616459817 
569.5541 0.6167129132307285 
569.6715 0.6134213763036248 
569.7889 0.6132286970698702 
569.9063 0.6122239243456521 
570.0237 0.6132327552451285 
570.1411 0.6114885304666031 
570.2585 0.6094748386821096 
570.376 0.6068506170987811 
570.4934 0.6051434816246978 
570.6108 0.6063020859469913 
570.7282 0.6076384774887564 
570.8456 0.6069993725085966 
570.963 0.605533220433562 
571.0804 0.6060526327763701 
571.1978 0.6048904913367338 
571.3153 0.6086370716544871 
571.4327 0.6088900519427457 
571.5501 0.6084119127046813 
571.6675 0.6042077391203164 
571.7849 0.5980397669356912 
571.9023 0.5912090644878597 
572.0197 0.5904986521101031 
572.1372 0.5923489358993692 
572.2546 0.593448833835212 
572.372 0.5946521056611592 
572.4894 0.5955601750770658 
572.6068 0.5973401795657167 
572.7242 0.5960141092971408 
572.8416 0.5945283887640154 
572.959 0.592588869052264 
573.0765 0.5916787602145297 
573.1939 0.5885540987350971 
573.3113 0.5847246917708311 
573.4287 0.5824687250117023 
573.5461 0.5673003141210453 
573.6635 0.566359620469471 
573.7809 0.5664005420246181 
573.8983 0.5643734019203767 
574.0158 0.5639961149573935 
574.1332 0.5589815747088501 
574.2506 0.5579391242966493 
574.368 0.5556817567953336 
574.4854 0.5548822619231819 
574.6028 0.5533949199474428 
574.7202 0.5517440897642061 
574.8377 0.5490549214736052 
574.9551 0.5479359478635393 
575.0725 0.5424537780275777 
575.1899 0.5440406866208621 
575.3073 0.5450791049019043 
575.4247 0.5492728082105532 
575.5421 0.5460191100052461 
575.6595 0.5428311542511339 
575.777 0.5408299246818574 
575.8944 0.544040857450734 
576.0118 0.549660933139549 
576.1292 0.5536965556002733 
576.2466 0.5554158839064064 
576.364 0.5516622663327789 
576.4814 0.5502500650590915 
576.5988 0.5499495875043612 
576.7163 0.5493658397585314 
576.8337 0.5506272667292373 
576.9511 0.5490495796495876 
577.0685 0.5540320262911411 
577.1859 0.5547374769013921 
577.3033 0.5572475525031982 
577.4207 0.5532060751454594 
577.5381 0.5509560977753517 
577.6556 0.5486388214457703 
577.773 0.550866136661395 
577.8904 0.5511065208489188 
578.0078 0.5539023707206941 
578.1252 0.5501330355440384 
578.2426 0.5499742875995851 
578.36 0.545527867932803 
578.4775 0.548579118365013 
578.5949 0.5528131552741503 
578.7123 0.5541225698148856 
578.8297 0.5505165844859893 
578.9471 0.5511213576555366 
579.0645 0.5488772165881355 
579.1819 0.5476087757996267 
579.2993 0.5455600298768423 
579.4168 0.5482683136987526 
579.5342 0.5538499085447992 
579.6516 0.5572570587052413 
579.769 0.559584155942578 
579.8864 0.5638720371244271 
580.0038 0.5634602618508563 
580.1212 0.5637669893792977 
580.2386 0.5605274420796571 
580.3561 0.560326924204351 
580.4735 0.5597127033918922 
580.5909 0.5585401070608785 
580.7083 0.5584877560699528 
580.8257 0.5613927442627333 
580.9431 0.5623230313859835 
581.0605 0.5645769776397427 
581.1779 0.562039042908652 
581.2954 0.5601738688915344 
581.4128 0.5564919070669219 
581.5302 0.5576357124523755 
581.6476 0.5576076327586184 
581.765 0.5602360845089532 
581.8824 0.5578748346775937 
581.9998 0.5608939909459928 
582.1173 0.5609854614902975 
582.2347 0.5623608258132161 
582.3521 0.5598903375164876 
582.4695 0.5606650306827446 
582.5869 0.5619203866812827 
582.7043 0.5655052571364666 
582.8217 0.5673637292160313 
582.9391 0.5712391212838389 
583.0566 0.5697941537252111 
583.174 0.5697378394894187 
583.2914 0.566436150276963 
583.4088 0.5673859007353368 
583.5262 0.5684007827482036 
583.6436 0.5734513469969894 
583.761 0.5767886225759167 
583.8784 0.580807544456465 
583.9959 0.578675779189847 
584.1133 0.5781780481871391 
584.2307 0.5773904898545713 
584.3481 0.5783187062619494 
584.4655 0.5766733578802029 
584.5829 0.5756034587460034 
584.7003 0.5711254548819975 
584.8178 0.5703508919085876 
584.9352 0.5721289462470158 
585.0526 0.5759091130465638 
585.17 0.5765174371056537 
585.2874 0.576396079760821 
585.4048 0.5749432413317919 
585.5222 0.5770123891538177 
585.6396 0.5751430288277853 
585.7571 0.5734409896959723 
585.8745 0.5719982887384236 
585.9919 0.5730392472588098 
586.1093 0.5739270062091131 
586.2267 0.5760587621453879 
586.3441 0.5758092864963181 
586.4615 0.5797302460240805 
586.5789 0.5779650535409817 
586.6964 0.5778031173507074 
586.8138 0.578425828019881 
586.9312 0.5803127376485295 
587.0486 0.5802278772792508 
587.166 0.582161650788338 
587.2834 0.5799606780598399 
587.4008 0.5810134382195887 
587.5182 0.5818094136565335 
587.6357 0.5848785859289874 
587.7531 0.5839363687509833 
587.8705 0.5841154395690814 
587.9879 0.5830430426031317 
588.1053 0.5835835044767728 
588.2227 0.5806787809445779 
588.3401 0.5806588495342914 
588.4576 0.579856026948636 
588.575 0.5800639238057259 
588.6924 0.5792294894174227 
588.8098 0.5791439387577 
588.9272 0.5786032332706056 
589.0446 0.5782902106571152 
589.162 0.57839928170432 
589.2794 0.580450914992077 
589.3969 0.5803234229365903 
589.5143 0.579836542127377 
589.6317 0.5764308060151807 
589.7491 0.574567856875343 
589.8665 0.5743144385946647 
589.9839 0.5756343404779212 
590.1013 0.5770575017514712 
590.2187 0.5755761736140469 
590.3362 0.5733346560769559 
590.4536 0.5719355880472901 
590.571 0.5694696732090992 
590.6884 0.5680890495247587 
590.8058 0.5663718232617101 
590.9232 0.5673112523350804 
591.0406 0.5678461657745087 
591.158 0.568225174849825 
591.2755 0.5662261287342948 
591.3929 0.5646745493768568 
591.5103 0.5644600902788637 
591.6277 0.5649275654586293 
591.7451 0.5655513110886834 
591.8625 0.564632466907146 
591.9799 0.5644332480472629 
592.0974 0.5628142445974799 
592.2148 0.5615723394096881 
592.3322 0.5614368521891429 
592.4496 0.5612708366579927 
592.567 0.558213438767764 
592.6844 0.5554893527779173 
592.8018 0.5559573129233092 
592.9192 0.5570583520609357 
593.0367 0.5576798027911256 
593.1541 0.5561310487766927 
593.2715 0.5547704332230661 
593.3889 0.5539526019700683 
593.5063 0.5531076088007507 
593.6237 0.5529770165316326 
593.7411 0.5530543119324421 
593.8585 0.5528050741346331 
593.976 0.5533575524650859 
594.0934 0.5516863388627389 
594.2108 0.5498786992130827 
594.3282 0.549046927180065 
594.4456 0.5502596535065486 
594.563 0.5526619606979453 
594.6804 0.5549063662081203 
594.7979 0.5558466250810417 
594.9153 0.5544824333506546 
595.0327 0.5516729955052639 
595.1501 0.550181606272314 
595.2675 0.5494591905634196 
595.3849 0.5476586964827028 
595.5023 0.5468844464330985 
595.6197 0.5470408148099956 
595.7372 0.5478379033756104 
595.8546 0.5463370683116215 
595.972 0.5438940692130326 
596.0894 0.540647511426539 
596.2068 0.5396371625193374 
596.3242 0.536859985963997 
596.4416 0.5362542352999478 
596.559 0.5348978202364701 
596.6765 0.5341574631099874 
596.7939 0.5314074104336113 
596.9113 0.529992678182696 
597.0287 0.5294353628404804 
597.1461 0.5290602919343235 
597.2635 0.5262226632398358 
597.3809 0.5238408244470518 
597.4983 0.5225136085173967 
597.6158 0.5229968800641251 
597.7332 0.5228949801280477 
597.8506 0.5241810632599837 
597.968 0.5245342444442636 
598.0854 0.5229087793294261 
598.2028 0.5203671151831584 
598.3202 0.5180318938386422 
598.4377 0.5158979224337454 
598.5551 0.5147867277577801 
598.6725 0.5155920458216996 
598.7899 0.5150763825023402 
598.9073 0.5142257049040894 
599.0247 0.5137894977007812 
599.1421 0.5132251552854628 
599.2595 0.5116368090278549 
599.377 0.5096255803198119 
599.4944 0.5089423005858553 
599.6118 0.5083876795103732 
599.7292 0.5079930089057467 
599.8466 0.5061663653059294 
599.964 0.5045511408928053 
600.0814 0.5042607674864414 
600.1988 0.503201135954152 
600.3163 0.5010615623866996 
600.4337 0.5006023608503989 
600.5511 0.497972750908697 
600.6685 0.49700956580065714 
600.7859 0.4946551118679062 
600.9033 0.4929402243443644 
601.0207 0.4901034888777461 
601.1382 0.48984913110210326 
601.2556 0.48804826054030753 
601.373 0.4887310428863424 
601.4904 0.4891106984072433 
601.6078 0.4902212116313608 
601.7252 0.4894251099350924 
601.8426 0.4889127202886202 
601.96 0.48613918612227064 
602.0775 0.4859339440780501 
602.1949 0.48388129569607613 
602.3123 0.4835748278798 
602.4297 0.4833610329727557 
602.5471 0.4832850865512169 
602.6645 0.48151591026593904 
602.7819 0.4813717490303903 
602.8993 0.4797512477485054 
603.0168 0.47915537080693593 
603.1342 0.4760272023036941 
603.2516 0.47457336848847415 
603.369 0.47277540727220607 
603.4864 0.47208515716896526 
603.6038 0.4717690409439573 
603.7212 0.47303520243271463 
603.8386 0.47249777367064766 
603.9561 0.472093027710261 
604.0735 0.4706602452230402 
604.1909 0.47025818193326085 
604.3083 0.46933467404640095 
604.4257 0.4693034880155636 
604.5431 0.4692505667461425 
604.6605 0.4835263319022606 
604.778 0.4796959238197155 
604.8954 0.4774653495696011 
605.0128 0.4745239188511199 
605.1302 0.47335901580216916 
605.2476 0.4715385416216553 
605.365 0.46986154971732014 
605.4824 0.4665957116132265 
605.5998 0.4661517052696637 
605.7173 0.46489340762553244 
605.8347 0.4667492783904041 
605.9521 0.46749262935954006 
606.0695 0.47004993720428767 
606.1869 0.4701252987436119 
606.3043 0.4688228830411633 
606.4217 0.4662501234462933 
606.5391 0.46515979273936225 
606.6566 0.4622197887898214 
606.774 0.4606180599117174 
606.8914 0.45952939743902566 
607.0088 0.45953449408113217 
607.1262 0.4595185854724194 
607.2436 0.4594606381802355 
607.361 0.45881499977779666 
607.4784 0.4576484324981137 
607.5959 0.4560710948640964 
607.7133 0.45539064659066353 
607.8307 0.45376378051497696 
607.9481 0.4532929125403768 
608.0655 0.45393199257567524 
608.1829 0.4534191161224284 
608.3003 0.45381198318776184 
608.4178 0.4537722433504382 
608.5352 0.45362956013416994 
608.6526 0.4533011967094842 
608.77 0.452520219476413 
608.8874 0.4526651397996605 
609.0048 0.4521723863798004 
609.1222 0.45174160344748837 
609.2396 0.45237958762631675 
609.3571 0.45266887256470506 
609.4745 0.4522159875846705 
609.5919 0.4525056095452848 
609.7093 0.45236189048198056 
609.8267 0.45100281402315306 
609.9441 0.44702953307609405 
610.0615 0.44500446433240926 
610.1789 0.44128396701686645 
610.2964 0.44163229736450554 
610.4138 0.4390904931102256 
610.5312 0.4390040737463395 
610.6486 0.43792254950454806 
610.766 0.4373104879269875 
610.8834 0.43638929211821226 
611.0008 0.43448901304881254 
611.1183 0.43367170928139936 
611.2357 0.43304751378398115 
611.3531 0.43092338559660925 
611.4705 0.43043644156859795 
611.5879 0.428801642614906 
611.7053 0.4279800781430642 
611.8227 0.42667591008176387 
611.9401 0.4269574312111772 
612.0576 0.42710866907348793 
612.175 0.42838591324047376 
612.2924 0.42833265212884997 
612.4098 0.4289958584828862 
612.5272 0.4265375669921723 
612.6446 0.42485103698831855 
612.762 0.4221627272770852 
612.8794 0.4200858442537278 
612.9969 0.41869368005003477 
613.1143 0.4173095795035959 
613.2317 0.4152394325713582 
613.3491 0.41564809225150967 
613.4665 0.41566563845299465 
613.5839 0.41598645184102057 
613.7013 0.4137128052142327 
613.8187 0.41219729767964913 
613.9362 0.40947517851222504 
614.0536 0.41035774157668287 
614.171 0.4070217357643542 
614.2884 0.40772136209832477 
614.4058 0.405918816212634 
614.5232 0.40559014172024965 
614.6406 0.4037023373159838 
614.7581 0.4021483304685429 
614.8755 0.39914578671924017 
614.9929 0.39864278167016304 
615.1103 0.3982393117091971 
615.2277 0.3990239472332605 
615.3451 0.39830095721812214 
615.4625 0.39921241052060286 
615.5799 0.39815897647406756 
615.6974 0.3967343656688926 
615.8148 0.39457413559033 
615.9322 0.3949816484582597 
616.0496 0.3950816570831038 
616.167 0.3949384211126613 
616.2844 0.39398684537542933 
616.4018 0.3937313972251571 
616.5192 0.39433121810661276 
616.6367 0.3934464985024855 
616.7541 0.39288636315124953 
616.8715 0.3933066642132623 
616.9889 0.39297153730330237 
617.1063 0.3920763822579666 
617.2237 0.39099412737161926 
617.3411 0.3906784265327747 
617.4585 0.39101442887122295 
617.576 0.3910802512035235 
617.6934 0.39017710124273997 
617.8108 0.3901980753887305 
617.9282 0.38922111930476394 
618.0456 0.38972976494054895 
618.163 0.3870319365808626 
618.2804 0.3858844256138918 
618.3979 0.38483611309038884 
618.5153 0.3838547824859846 
618.6327 0.3823905411587431 
618.7501 0.38280504741915455 
618.8675 0.3804120586280633 
618.9849 0.37933295640566184 
619.1023 0.3770864156611753 
619.2197 0.3780095015437496 
619.3372 0.37624956422732736 
619.4546 0.375545846696284 
619.572 0.37360490470004254 
619.6894 0.3731427994282508 
619.8068 0.3708248749591113 
619.9242 0.3705267385601656 
620.0416 0.3704719476516185 
620.159 0.3707748392452547 
620.2765 0.37003403298766313 
620.3939 0.36996510703647795 
620.5113 0.3694555985546633 
620.6287 0.3681373986265978 
620.7461 0.3656536382494208 
620.8635 0.364527333192636 
620.9809 0.3638625333831239 
621.0984 0.3644977216620322 
621.2158 0.36444136936844357 
621.3332 0.3634316317084529 
621.4506 0.3621531444808428 
621.568 0.3617415674725649 
621.6854 0.36093592923842877 
621.8028 0.3608391483970627 
621.9202 0.3603622388752484 
622.0377 0.36117621246617243 
622.1551 0.3613519291443728 
622.2725 0.36111860795184636 
622.3899 0.3595293973497561 
622.5073 0.35913611404938767 
622.6247 0.3581390280983813 
622.7421 0.3576279436350906 
622.8595 0.3564656662364964 
622.977 0.3560913760360979 
623.0944 0.3549845372470812 
623.2118 0.35490783919043434 
623.3292 0.35309980965004606 
623.4466 0.3520604697194569 
623.564 0.3488593194627958 
623.6814 0.3482240747542763 
623.7988 0.3466062607833652 
623.9163 0.34688394102749126 
624.0337 0.3458533447433745 
624.1511 0.3453528087847872 
624.2685 0.3424755453467629 
624.3859 0.34145712174536297 
624.5033 0.33923266808560365 
624.6207 0.33978801681117815 
624.7382 0.33908563500390726 
624.8556 0.339604384611102 
624.973 0.3391317782057479 
625.0904 0.33890136348783856 
625.2078 0.3379617644338352 
625.3252 0.337708616507872 
625.4426 0.3342198609779368 
625.56 0.3330710263167452 
625.6775 0.33188785118627234 
625.7949 0.3322229651309864 
625.9123 0.3309154436238683 
626.0297 0.3302819407081252 
626.1471 0.32827324462726476 
626.2645 0.3274347971134274 
626.3819 0.3264208959023428 
626.4993 0.32610538252429977 
626.6168 0.325656343004921 
626.7342 0.3261687550994989 
626.8516 0.32500614208219425 
626.969 0.32517103814080744 
627.0864 0.32223371369988535 
627.2038 0.32134787145568505 
627.3212 0.3186914049210702 
627.4387 0.31958992867571945 
627.5561 0.3179489521393693 
627.6735 0.317956673386368 
627.7909 0.3157211128452938 
627.9083 0.3145349291259523 
628.0257 0.31324344624059414 
628.1431 0.3114601024063109 
628.2605 0.30954643730620424 
628.378 0.3089107348378341 
628.4954 0.3072281646516036 
628.6128 0.3064822945438263 
628.7302 0.3051095782446531 
628.8476 0.3042852467295264 
628.965 0.3012544018581285 
629.0824 0.301434889312051 
629.1998 0.2986092120228861 
629.3173 0.2987011798532195 
629.4347 0.29629531628511807 
629.5521 0.29676667024989084 
629.6695 0.29591000997732664 
629.7869 0.29583324919619386 
629.9043 0.2944578257193058 
630.0217 0.29428986000813534 
630.1391 0.2915634113091907 
630.2566 0.29097633482231844 
630.374 0.2874318643461611 
630.4914 0.28596583048035296 
630.6088 0.2840434672861055 
630.7262 0.28330580500958397 
630.8436 0.28194255666475126 
630.961 0.2815633855818967 
631.0785 0.2807499421071951 
631.1959 0.28027354162992535 
631.3133 0.27944204219494334 
631.4307 0.2793745476734414 
631.5481 0.27791541743205744 
631.6655 0.2774964696948727 
631.7829 0.2760071817581092 
631.9003 0.2766454984897469 
632.0178 0.2761568043854151 
632.1352 0.2764142270873916 
632.2526 0.27490270327823496 
632.37 0.27347046154973126 
632.4874 0.2718558594183039 
632.6048 0.270570407394085 
632.7222 0.2695820801693455 
632.8396 0.2691695419848428 
632.9571 0.2680375818297012 
633.0745 0.268179107931548 
633.1919 0.26642612449154185 
633.3093 0.2652557276884424 
633.4267 0.2635330819012673 
633.5441 0.2622460661084046 
633.6615 0.2609347270557836 
633.7789 0.2601396948751811 
633.8964 0.25812181477354 
634.0138 0.2583137736253216 
634.1312 0.2579656670478776 
634.2486 0.25935717954357707 
634.366 0.25958732170615145 
634.4834 0.2601786322353678 
634.6008 0.2581646730616583 
634.7183 0.2577881244913923 
634.8357 0.255551217367306 
634.9531 0.25557858828436103 
635.0705 0.25451492092913913 
635.1879 0.25388589010968654 
635.3053 0.2530610558013929 
635.4227 0.2514412123211611 
635.5401 0.24913584497176328 
635.6576 0.24753136247641122 
635.775 0.24456988506723706 
635.8924 0.24419010300935348 
636.0098 0.24119287831661823 
636.1272 0.2410700162560708 
636.2446 0.23865693843204414 
636.362 0.238408059717752 
636.4794 0.2355991067901752 
636.5969 0.23633901085572562 
636.7143 0.23380470259550257 
636.8317 0.23314992760984823 
636.9491 0.22977183246670788 
637.0665 0.22891869843716886 
637.1839 0.22599782279394257 
637.3013 0.22525817581882704 
637.4188 0.22297001878383052 
637.5362 0.22243999229461198 
637.6536 0.21967162844635524 
637.771 0.21944019569889003 
637.8884 0.2172189743696973 
638.0058 0.2172199067911834 
638.1232 0.21535518241957224 
638.2406 0.21470433540226605 
638.3581 0.21242361260048565 
638.4755 0.21165908545692938 
638.5929 0.20865045439953028 
638.7103 0.20765248555009194 
638.8277 0.20446951904339625 
638.9451 0.20486904757303143 
639.0625 0.2038457528136693 
639.1799 0.20230129174960126 
639.2974 0.19862498183253563 
639.4148 0.19752119280547648 
639.5322 0.19405209237365653 
639.6496 0.19244321776768075 
639.767 0.18961357681698693 
639.8844 0.18883032439212175 
640.0018 0.18786221802964698 
640.1192 0.18761951295897808 
640.2367 0.18513498634341638 
640.3541 0.18419126811750114 
640.4715 0.17967743828809168 
640.5889 0.17857545727068064 
640.7063 0.17333106787569774 
640.8237 0.17302571957969906 
640.9411 0.17155321802115653 
641.0586 0.17159710883946108 
641.176 0.1704899947062158 
641.2934 0.171076957220313 
641.4108 0.16802056450340006 
641.5282 0.16738024913478264 
641.6456 0.16437100722242873 
641.763 0.1638380600146482 
641.8804 0.16137934560732176 
641.9979 0.15980584949768475 
642.1153 0.15671477088349198 
642.2327 0.15608658798366912 
642.3501 0.15421167649446887 
642.4675 0.1540112451639387 
642.5849 0.152458819238939 
642.7023 0.15180929148460207 
642.8197 0.1503875579619165 
642.9372 0.14763746067239703 
643.0546 0.143830083463724 
643.172 0.14330868447674858 
643.2894 0.14089533073276167 
643.4068 0.14084440317249997 
643.5242 0.14026768614846938 
643.6416 0.1397506822939276 
643.759 0.13862592366667514 
643.8765 0.13783171402383046 
643.9939 0.13681405429213048 
644.1113 0.13645070849826105 
644.2287 0.1336862834198708 
644.3461 0.13402218865191984 
644.4635 0.13309038555411354 
644.5809 0.13283564772487158 
644.6984 0.13163220564283895 
644.8158 0.12999842641274784 
644.9332 0.1280632851914889 
645.0506 0.127700390278063 
645.168 0.12471611660247896 
645.2854 0.12387406494337952 
645.4028 0.12218865393626235 
645.5202 0.12230243080506083 
645.6377 0.12233099902207886 
645.7551 0.120689823809149 
645.8725 0.11859479272619748 
645.9899 0.1169473700205906 
646.1073 0.11243138004280241 
646.2247 0.11130937580250694 
646.3421 0.10812170372019642 
646.4595 0.10667316214095786 
646.577 0.10530202776476315 
646.6944 0.10220499425158351 
646.8118 0.1003127403161699 
646.9292 0.09893349367822744 
647.0466 0.0980398338007779 
647.164 0.09900161178453581 
647.2814 0.0981306208322233 
647.3989 0.09827342261691596 
647.5163 0.09720972790201987 
647.6337 0.09607035254396482 
647.7511 0.09541964778755703 
647.8685 0.09533685404289198 
647.9859 0.0933821698285255 
648.1033 0.09286964874925151 
648.2207 0.09162658033291843 
648.3382 0.09217009925999459 
648.4556 0.09223451852627529 
648.573 0.09093105435233441 
648.6904 0.0902954308902656 
648.8078 0.08856113401398455 
648.9252 0.0852997442552951 
649.0426 0.08524520821727306 
649.16 0.0 
649.2775 0.0 
649.3949 0.0 
649.5123 0.0 
649.6297 0.0 
649.7471 0.0 
649.8645 0.0 
649.9819 0.0 
650.0993 0.0 
650.2168 0.0 
650.3342 0.0 
650.4516 0.0 
650.569 0.0 
650.6864 0.0 
650.8038 0.0 
650.9212 0.0 
651.0387 0.0 
651.1561 0.0 
651.2735 0.0 
651.3909 0.0 
651.5083 0.0 
651.6257 0.0 
651.7431 0.0 
651.8605 0.0 
651.978 0.0 
652.0954 0.0 
652.2128 0.0 
652.3302 0.0 
652.4476 0.0 
652.565 0.0 
652.6824 0.0 
652.7998 0.0 
652.9173 0.0 
653.0347 0.0 
653.1521 0.0 
653.2695 0.0 
653.3869 0.0 
653.5043 0.0 
653.6217 0.0 
653.7392 0.0 
653.8566 0.0 
653.974 0.0 
654.0914 0.0 
654.2088 0.0 
654.3262 0.0 
654.4436 0.0 
654.561 0.0 
654.6785 0.0 
654.7959 0.0 
654.9133 0.0 
655.0307 0.0 
655.1481 0.0 
655.2655 0.0 
655.3829 0.0 
655.5003 0.0 
655.6178 0.0 
655.7352 0.0 
655.8526 0.0 
655.97 0.0 
656.0874 0.0 
656.2048 0.0 
656.3222 0.0 
656.4396 0.0 
656.5571 0.0 
656.6745 0.0 
656.7919 0.0 
656.9093 0.0 
657.0267 0.0 
657.1441 0.0 
657.2615 0.0 
657.379 0.0 
657.4964 0.0 
657.6138 0.0 
657.7312 0.0 
657.8486 0.0 
657.966 0.0 
658.0834 0.0 
658.2008 0.0 
658.3183 0.0 
658.4357 0.0 
658.5531 0.0 
658.6705 0.0 
658.7879 0.0 
658.9053 0.0 
659.0227 0.0 
659.1401 0.0 
659.2576 0.0 
659.375 0.0 
659.4924 0.0 
659.6098 0.0 
659.7272 0.0 
659.8446 0.0 
659.962 0.0 
660.0794 0.0 
660.1969 0.0 
660.3143 0.0 
660.4317 0.0 
660.5491 0.0 
660.6665 0.0 
660.7839 0.0 
660.9013 0.0 
661.0188 0.0 
661.1362 0.0 
661.2536 0.0 
661.371 0.0 
661.4884 0.0 
661.6058 0.0 
661.7232 0.0 
661.8406 0.0 
661.9581 0.0 
662.0755 0.0 
662.1929 0.0 
662.3103 0.0 
662.4277 0.0 
662.5451 0.0 
662.6625 0.0 
662.7799 0.0 
662.8974 0.0 
663.0148 0.0 
663.1322 0.0 
663.2496 0.0 
663.367 0.0 
663.4844 0.0 
663.6018 0.0 
663.7193 0.0 
663.8367 0.0 
663.9541 0.0 
664.0715 0.0 
664.1889 0.0 
664.3063 0.0 
664.4237 0.0 
664.5411 0.0 
664.6586 0.0 
664.776 0.0 
664.8934 0.0 
665.0108 0.0 
665.1282 0.0 
665.2456 0.0 
665.363 0.0 
665.4804 0.0 
665.5979 0.0 
665.7153 0.0 
665.8327 0.0 
665.9501 0.0 
666.0675 0.0 
666.1849 0.0 
666.3023 0.0 
666.4197 0.0 
666.5372 0.0 
666.6546 0.0 
666.772 0.0 
666.8894 0.0 
667.0068 0.0 
667.1242 0.0 
667.2416 0.0 
667.3591 0.0 
667.4765 0.0 
667.5939 0.0 
667.7113 0.0 
667.8287 0.0 
667.9461 0.0 
668.0635 0.0 
668.1809 0.0 
668.2984 0.0 
668.4158 0.0 
668.5332 0.0 
668.6506 0.0 
668.768 0.0 
668.8854 0.0 
669.0028 0.0 
669.1202 0.0 
669.2377 0.0 
669.3551 0.0 
669.4725 0.0 
669.5899 0.0 
669.7073 0.0 
669.8247 0.0 
669.9421 0.0 
670.0595 0.0 
670.177 0.0 
670.2944 0.0 
670.4118 0.0 
670.5292 0.0 
670.6466 0.0 
670.764 0.0 
670.8814 0.0 
670.9989 0.0 
671.1163 0.0 
671.2337 0.0 
671.3511 0.0 
671.4685 0.0 
671.5859 0.0 
671.7033 0.0 
671.8207 0.0 
671.9382 0.0 
672.0556 0.0 
672.173 0.0 
672.2904 0.0 
672.4078 0.0 
672.5252 0.0 
672.6426 0.0 
672.76 0.0 
672.8775 0.0 
672.9949 0.0 
673.1123 0.0 
673.2297 0.0 
673.3471 0.0 
673.4645 0.0 
673.5819 0.0 
673.6994 0.0 
673.8168 0.0 
673.9342 0.0 
674.0516 0.0 
674.169 0.0 
674.2864 0.0 
674.4038 0.0 
674.5212 0.0 
674.6387 0.0 
674.7561 0.0 
674.8735 0.0 
674.9909 0.0 
675.1083 0.0 
675.2257 0.0 
675.3431 0.0 
675.4605 0.0 
675.578 0.0 
675.6954 0.0 
675.8128 0.0 
675.9302 0.0 
676.0476 0.0 
676.165 0.0 
676.2824 0.0 
676.3998 0.0 
676.5173 0.0 
676.6347 0.0 
676.7521 0.0 
676.8695 0.0 
676.9869 0.0 
677.1043 0.0 
677.2217 0.0 
677.3392 0.0 
677.4566 0.0 
677.574 0.0 
677.6914 0.0 
677.8088 0.0 
677.9262 0.0 
678.0436 0.0 
678.161 0.0 
678.2785 0.0 
678.3959 0.0 
678.5133 0.0 
678.6307 0.0 
678.7481 0.0 
678.8655 0.0 
678.9829 0.0 
679.1003 0.0 
679.2178 0.0 
679.3352 0.0 
679.4526 0.0 
679.57 0.0 
679.6874 0.0 
679.8048 0.0 
679.9222 0.0 
680.0396 0.0 
680.1571 0.0 
680.2745 0.0 
680.3919 0.0 
680.5093 0.0 
680.6267 0.0 
680.7441 0.0 
680.8615 0.0 
680.979 0.0 
681.0964 0.0 
681.2138 0.0 
681.3312 0.0 
681.4486 0.0 
681.566 0.0 
681.6834 0.0 
681.8008 0.0 
681.9183 0.0 
682.0357 0.0 
682.1531 0.0 
682.2705 0.0 
682.3879 0.0 
682.5053 0.0 
682.6227 0.0 
682.7401 0.0 
682.8576 0.0 
682.975 0.0 
683.0924 0.0 
683.2098 0.0 
683.3272 0.0 
683.4446 0.0 
683.562 0.0 
683.6795 0.0 
683.7969 0.0 
683.9143 0.0 
684.0317 0.0 
684.1491 0.0 
684.2665 0.0 
684.3839 0.0 
684.5013 0.0 
684.6188 0.0 
684.7362 0.0 
684.8536 0.0 
684.971 0.0 
685.0884 0.0 
685.2058 0.0 
685.3232 0.0 
685.4406 0.0 
685.5581 0.0 
685.6755 0.0 
685.7929 0.0 
685.9103 0.0 
686.0277 0.0 
686.1451 0.0 
686.2625 0.0 
686.3799 0.0 
686.4974 0.0 
686.6148 0.0 
686.7322 0.0 
686.8496 0.0 
686.967 0.0 
687.0844 0.0 
687.2018 0.0 
687.3193 0.0 
687.4367 0.0 
687.5541 0.0 
687.6715 0.0 
687.7889 0.0 
687.9063 0.0 
688.0237 0.0 
688.1411 0.0 
688.2586 0.0 
688.376 0.0 
688.4934 0.0 
688.6108 0.0 
688.7282 0.0 
688.8456 0.0 
688.963 0.0 
689.0804 0.0 
689.1979 0.0 
689.3153 0.0 
689.4327 0.0 
689.5501 0.0 
689.6675 0.0 
689.7849 0.0 
689.9023 0.0 
690.0198 0.0 
690.1372 0.0 
690.2546 0.0 
690.372 0.0 
690.4894 0.0 
690.6068 0.0 
690.7242 0.0 
690.8416 0.0 
690.9591 0.0 
691.0765 0.0 
691.1939 0.0 
691.3113 0.0 
691.4287 0.0 
691.5461 0.0 
691.6635 0.0 
691.7809 0.0 
691.8984 0.0 
692.0158 0.0 
692.1332 0.0 
692.2506 0.0 
692.368 0.0 
692.4854 0.0 
692.6028 0.0 
692.7202 0.0 
692.8377 0.0 
692.9551 0.0 
693.0725 0.0 
693.1899 0.0 
693.3073 0.0 
693.4247 0.0 
693.5421 0.0 
693.6596 0.0 
693.777 0.0 
693.8944 0.0 
694.0118 0.0 
694.1292 0.0 
694.2466 0.0 
694.364 0.0 
694.4814 0.0 
694.5989 0.0 
694.7163 0.0 
694.8337 0.0 
694.9511 0.0 
695.0685 0.0 
695.1859 0.0 
695.3033 0.0 
695.4207 0.0 
695.5382 0.0 
695.6556 0.0 
695.773 0.0 
695.8904 0.0 
696.0078 0.0 
696.1252 0.0 
696.2426 0.0 
696.36 0.0 
696.4775 0.0 
696.5949 0.0 
696.7123 0.0 
696.8297 0.0 
696.9471 0.0 
697.0645 0.0 
697.1819 0.0 
697.2994 0.0 
697.4168 0.0 
697.5342 0.0 
697.6516 0.0 
697.769 0.0 
697.8864 0.0 
698.0038 0.0 
698.1212 0.0 
698.2387 0.0 
698.3561 0.0 
698.4735 0.0 
698.5909 0.0 
698.7083 0.0 
698.8257 0.0 
698.9431 0.0 
699.0605 0.0 
699.178 0.0 
699.2954 0.0 
699.4128 0.0 
699.5302 0.0 
699.6476 0.0 
699.765 0.0 
699.8824 0.0 
699.9999 0.0 
700.1173 0.0 
700.2347 0.0 
700.3521 0.0 
700.4695 0.0 
700.5869 0.0 
700.7043 0.0 
700.8217 0.0 
700.9392 0.0 
701.0566 0.0 
701.174 0.0 
701.2914 0.0 
701.4088 0.0 
701.5262 0.0 
701.6436 0.0 
701.761 0.0 
701.8785 0.0 
701.9959 0.0 
702.1133 0.0 
702.2307 0.0 
702.3481 0.0 
702.4655 0.0 
702.5829 0.0 
702.7003 0.0 
702.8178 0.0 
702.9352 0.0 
703.0526 0.0 
703.17 0.0 
703.2874 0.0 
703.4048 0.0 
703.5222 0.0 
703.6397 0.0 
703.7571 0.0 
703.8745 0.0 
703.9919 0.0 
704.1093 0.0 
704.2267 0.0 
704.3441 0.0 
704.4615 0.0 
704.579 0.0 
704.6964 0.0 
704.8138 0.0 
704.9312 0.0 
705.0486 0.0 
705.166 0.0 
705.2834 0.0 
705.4008 0.0 
705.5183 0.0 
705.6357 0.0 
705.7531 0.0 
705.8705 0.0 
705.9879 0.0 
706.1053 0.0 
706.2227 0.0 
706.3401 0.0 
706.4576 0.0 
706.575 0.0 
706.6924 0.0 
706.8098 0.0 
706.9272 0.0 
707.0446 0.0 
707.162 0.0 
707.2795 0.0 
707.3969 0.0 
707.5143 0.0 
707.6317 0.0 
707.7491 0.0 
707.8665 0.0 
707.9839 0.0 
708.1013 0.0 
708.2188 0.0 
708.3362 0.0 
708.4536 0.0 
708.571 0.0 
708.6884 0.0 
708.8058 0.0 
708.9232 0.0 
709.0406 0.0 
709.1581 0.0 
709.2755 0.0 
709.3929 0.0 
709.5103 0.0 
709.6277 0.0 
709.7451 0.0 
709.8625 0.0 
709.98 0.0 
710.0974 0.0 
710.2148 0.0 
710.3322 0.0 
710.4496 0.0 
710.567 0.0 
710.6844 0.0 
710.8018 0.0 
710.9193 0.0 
711.0367 0.0 
711.1541 0.0 
711.2715 0.0 
711.3889 0.0 
711.5063 0.0 
711.6237 0.0 
711.7411 0.0 
711.8586 0.0 
711.976 0.0 
712.0934 0.0 
712.2108 0.0 
712.3282 0.0 
712.4456 0.0 
712.563 0.0 
712.6804 0.0 
712.7979 0.0 
712.9153 0.0 
713.0327 0.0 
713.1501 0.0 
713.2675 0.0 
713.3849 0.0 
713.5023 0.0 
713.6198 0.0 
713.7372 0.0 
713.8546 0.0 
713.972 0.0 
714.0894 0.0 
714.2068 0.0 
714.3242 0.0 
714.4416 0.0 
714.5591 0.0 
714.6765 0.0 
714.7939 0.0 
714.9113 0.0 
715.0287 0.0 
715.1461 0.0 
715.2635 0.0 
715.3809 0.0 
715.4984 0.0 
715.6158 0.0 
715.7332 0.0 
715.8506 0.0 
715.968 0.0 
716.0854 0.0 
716.2028 0.0 
716.3203 0.0 
716.4377 0.0 
716.5551 0.0 
716.6725 0.0 
716.7899 0.0 
716.9073 0.0 
717.0247 0.0 
717.1421 0.0 
717.2596 0.0 
717.377 0.0 
717.4944 0.0 
717.6118 0.0 
717.7292 0.0 
717.8466 0.0 
717.964 0.0 
718.0814 0.0 
718.1989 0.0 
718.3163 0.0 
718.4337 0.0 
718.5511 0.0 
718.6685 0.0 
718.7859 0.0 
718.9033 0.0 
719.0207 0.0 
719.1382 0.0 
719.2556 0.0 
719.373 0.0 
719.4904 0.0 
719.6078 0.0 
719.7252 0.0 
719.8426 0.0 
719.9601 0.0 
720.0775 0.0 
720.1949 0.0 
720.3123 0.0 
720.4297 0.0 
720.5471 0.0 
720.6645 0.0 
720.7819 0.0 
720.8994 0.0 
721.0168 0.0 
721.1342 0.0 
721.2516 0.0 
721.369 0.0 
721.4864 0.0 
721.6038 0.0 
721.7212 0.0 
721.8387 0.0 
721.9561 0.0 
722.0735 0.0 
722.1909 0.0 
722.3083 0.0 
722.4257 0.0 
722.5431 0.0 
722.6605 0.0 
722.778 0.0 
722.8954 0.0 
723.0128 0.0 
723.1302 0.0 
723.2476 0.0 
723.365 0.0 
723.4824 0.0 
723.5999 0.0 
723.7173 0.0 
723.8347 0.0 
723.9521 0.0 
724.0695 0.0 
724.1869 0.0 
724.3043 0.0 
724.4217 0.0 
724.5392 0.0 
724.6566 0.0 
724.774 0.0 
724.8914 0.0 
725.0088 0.0 
725.1262 0.0 
725.2436 0.0 
725.361 0.0 
725.4785 0.0 
725.5959 0.0 
725.7133 0.0 
725.8307 0.0 
725.9481 0.0 
726.0655 0.0 
726.1829 0.0 
726.3004 0.0 
726.4178 0.0 
726.5352 0.0 
726.6526 0.0 
726.77 0.0 
726.8874 0.0 
727.0048 0.0 
727.1222 0.0 
727.2397 0.0 
727.3571 0.0 
727.4745 0.0 
727.5919 0.0 
727.7093 0.0 
727.8267 0.0 
727.9441 0.0 
728.0615 0.0 
728.179 0.0 
728.2964 0.0 
728.4138 0.0 
728.5312 0.0 
728.6486 0.0 
728.766 0.0 
728.8834 0.0 
729.0008 0.0 
729.1183 0.0 
729.2357 0.0 
729.3531 0.0 
729.4705 0.0 
729.5879 0.0 
729.7053 0.0 
729.8227 0.0 
729.9402 0.0 
730.0576 0.0 
730.175 0.0 
730.2924 0.0 
730.4098 0.0 
730.5272 0.0 
730.6446 0.0 
730.762 0.0 
730.8795 0.0 
730.9969 0.0 
731.1143 0.0 
731.2317 0.0 
731.3491 0.0 
731.4665 0.0 
731.5839 0.0 
731.7013 0.0 
731.8188 0.0 
731.9362 0.0 
732.0536 0.0 
732.171 0.0 
732.2884 0.0 
732.4058 0.0 
732.5232 0.0 
732.6406 0.0 
732.7581 0.0 
732.8755 0.0 
732.9929 0.0 
733.1103 0.0 
733.2277 0.0 
733.3451 0.0 
733.4625 0.0 
733.58 0.0 
733.6974 0.0 
733.8148 0.0 
733.9322 0.0 
734.0496 0.0 
734.167 0.0 
734.2844 0.0 
734.4018 0.0 
734.5193 0.0 
734.6367 0.0 
734.7541 0.0 
734.8715 0.0 
734.9889 0.0 
735.1063 0.0 
735.2237 0.0 
735.3411 0.0 
735.4586 0.0 
735.576 0.0 
735.6934 0.0 
735.8108 0.0 
735.9282 0.0 
736.0456 0.0 
736.163 0.0 
736.2805 0.0 
736.3979 0.0 
736.5153 0.0 
736.6327 0.0 
736.7501 0.0 
736.8675 0.0 
736.9849 0.0 
737.1023 0.0 
737.2198 0.0 
737.3372 0.0 
737.4546 0.0 
737.572 0.0 
737.6894 0.0 
737.8068 0.0 
737.9242 0.0 
738.0416 0.0 
738.1591 0.0 
738.2765 0.0 
738.3939 0.0 
738.5113 0.0 
738.6287 0.0 
738.7461 0.0 
738.8635 0.0 
738.9809 0.0 
739.0984 0.0 
739.2158 0.0 
739.3332 0.0 
739.4506 0.0 
739.568 0.0 
739.6854 0.0 
739.8028 0.0 
739.9203 0.0 
740.0377 0.0 
740.1551 0.0 
740.2725 0.0 
740.3899 0.0 
740.5073 0.0 
740.6247 0.0 
740.7421 0.0 
740.8596 0.0 
740.977 0.0 
741.0944 0.0 
741.2118 0.0 
741.3292 0.0 
741.4466 0.0 
741.564 0.0 
741.6814 0.0 
741.7989 0.0 
741.9163 0.0 
742.0337 0.0 
742.1511 0.0 
742.2685 0.0 
742.3859 0.0 
742.5033 0.0 
742.6208 0.0 
742.7382 0.0 
742.8556 0.0 
742.973 0.0 
743.0904 0.0 
743.2078 0.0 
743.3252 0.0 
743.4426 0.0 
743.5601 0.0 
743.6775 0.0 
743.7949 0.0 
743.9123 0.0 
744.0297 0.0 
744.1471 0.0 
744.2645 0.0 
744.3819 0.0 
744.4994 0.0 
744.6168 0.0 
744.7342 0.0 
744.8516 0.0 
744.969 0.0 
745.0864 0.0 
745.2038 0.0 
745.3212 0.0 
745.4387 0.0 
745.5561 0.0 
745.6735 0.0 
745.7909 0.0 
745.9083 0.0 
746.0257 0.0 
746.1431 0.0 
746.2606 0.0 
746.378 0.0 
746.4954 0.0 
746.6128 0.0 
746.7302 0.0 
746.8476 0.0 
746.965 0.0 
747.0824 0.0 
747.1999 0.0 
747.3173 0.0 
747.4347 0.0 
747.5521 0.0 
747.6695 0.0 
747.7869 0.0 
747.9043 0.0 
748.0217 0.0 
748.1392 0.0 
748.2566 0.0 
748.374 0.0 
748.4914 0.0 
748.6088 0.0 
748.7262 0.0 
748.8436 0.0 
748.961 0.0 
749.0785 0.0 
749.1959 0.0 
749.3133 0.0 
749.4307 0.0 
749.5481 0.0 
749.6655 0.0 
749.7829 0.0 
749.9004 0.0 
750.0178 0.0 
750.1352 0.0 
750.2526 0.0 
750.37 0.0 
750.4874 0.0 
750.6048 0.0 
750.7222 0.0 
750.8397 0.0 
750.9571 0.0 
751.0745 0.0 
751.1919 0.0 
751.3093 0.0 
751.4267 0.0 
751.5441 0.0 
751.6615 0.0 
751.779 0.0 
751.8964 0.0 
752.0138 0.0 
752.1312 0.0 
752.2486 0.0 
752.366 0.0 
752.4834 0.0 
752.6009 0.0 
752.7183 0.0 
752.8357 0.0 
752.9531 0.0 
753.0705 0.0 
753.1879 0.0 
753.3053 0.0 
753.4227 0.0 
753.5402 0.0 
753.6576 0.0 
753.775 0.0 
753.8924 0.0 
754.0098 0.0 
754.1272 0.0 
754.2446 0.0 
754.362 0.0 
754.4795 0.0 
754.5969 0.0 
754.7143 0.0 
754.8317 0.0 
754.9491 0.0 
755.0665 0.0 
755.1839 0.0 
755.3013 0.0 
755.4188 0.0 
755.5362 0.0 
755.6536 0.0 
755.771 0.0 
755.8884 0.0 
756.0058 0.0 
756.1232 0.0 
756.2407 0.0 
756.3581 0.0 
756.4755 0.0 
756.5929 0.0 
756.7103 0.0 
756.8277 0.0 
756.9451 0.0 
757.0625 0.0 
757.18 0.0 
757.2974 0.0 
757.4148 0.0 
757.5322 0.0 
757.6496 0.0 
757.767 0.0 
757.8844 0.0 
